v,pow(uW),current(mA)
0.000000000000,118.682500000000,-0.032583766977
0.100000000000,119.329500000000,0.165000951563
0.200000000000,119.440900000000,0.363484094859
0.300000000000,119.462700000000,0.563146738223
0.400000000000,119.199000000000,0.759536223498
0.500000000000,119.245900000000,0.955925708773
0.600000000000,118.708800000000,1.152315194049
0.700000000000,117.978900000000,1.351977837412
0.800000000000,117.069400000000,1.545094164599
0.900000000000,115.844100000000,1.741483649875
1.000000000000,114.630700000000,1.937873135150
1.100000000000,112.423600000000,2.134262620425
1.200000000000,110.038100000000,2.330652105701
1.300000000000,106.857500000000,2.523768432888
1.400000000000,103.189200000000,2.720157918163
1.500000000000,98.672990000000,2.913274245351
1.600000000000,93.406870000000,3.106390572538
1.700000000000,87.277180000000,3.299506899725
1.800000000000,80.230840000000,3.492623226913
1.900000000000,72.489490000000,3.685739554100
1.996000000000,64.165810000000,3.869036407024
1.997000000000,64.163530000000,3.869036407024
1.998000000000,64.055280000000,3.872309565112
1.999000000000,63.918010000000,3.872309565112
2.000000000000,63.913250000000,3.875582723200
2.001000000000,63.708610000000,3.875582723200
2.002000000000,63.673940000000,3.878855881288
2.003000000000,63.502480000000,3.882129039376
2.004000000000,63.445460000000,3.882129039376
2.005000000000,63.357850000000,3.885402197463
2.006000000000,63.327870000000,3.885402197463
2.007000000000,63.226690000000,3.888675355551
2.008000000000,63.171440000000,3.891948513639
2.009000000000,62.972840000000,3.891948513639
2.010000000000,62.905400000000,3.895221671727
2.011000000000,62.929320000000,3.895221671727
2.012000000000,62.705150000000,3.898494829815
2.013000000000,62.735190000000,3.898494829815
2.014000000000,62.588760000000,3.901767987903
2.015000000000,62.523120000000,3.905041145991
2.016000000000,62.448030000000,3.905041145991
2.017000000000,62.335800000000,3.908314304079
2.018000000000,62.293880000000,3.908314304079
2.019000000000,62.149960000000,3.911587462167
2.020000000000,62.013930000000,3.911587462167
2.021000000000,61.951030000000,3.914860620255
2.022000000000,61.892480000000,3.918133778343
2.023000000000,61.777940000000,3.918133778343
2.024000000000,61.627150000000,3.921406936431
2.025000000000,61.599230000000,3.921406936431
2.026000000000,61.442050000000,3.924680094518
2.027000000000,61.453630000000,3.927953252606
2.028000000000,61.303130000000,3.927953252606
2.029000000000,61.201190000000,3.931226410694
2.030000000000,61.155740000000,3.934499568782
2.031000000000,60.991250000000,3.934499568782
2.032000000000,60.902180000000,3.937772726870
2.033000000000,60.889390000000,3.937772726870
2.034000000000,60.789150000000,3.941045884958
2.035000000000,60.571450000000,3.941045884958
2.036000000000,60.601200000000,3.944319043046
2.037000000000,60.432780000000,3.947592201134
2.038000000000,60.393680000000,3.947592201134
2.039000000000,60.311890000000,3.950865359222
2.040000000000,60.167820000000,3.950865359222
2.041000000000,60.158650000000,3.954138517310
2.042000000000,60.095960000000,3.954138517310
2.043000000000,59.948550000000,3.957411675398
2.044000000000,59.789930000000,3.960684833486
2.045000000000,59.720610000000,3.960684833486
2.046000000000,59.721270000000,3.963957991574
2.047000000000,59.554820000000,3.963957991574
2.048000000000,59.481120000000,3.967231149661
2.049000000000,59.378390000000,3.970504307749
2.050000000000,59.307240000000,3.970504307749
2.051000000000,59.139630000000,3.973777465837
2.052000000000,59.125570000000,3.973777465837
2.053000000000,59.057430000000,3.977050623925
2.054000000000,58.909930000000,3.977050623925
2.055000000000,58.846240000000,3.980323782013
2.056000000000,58.911120000000,3.980323782013
2.057000000000,58.590630000000,3.983596940101
2.058000000000,58.551980000000,3.986870098189
2.059000000000,58.464790000000,3.986870098189
2.060000000000,58.342560000000,3.990143256277
2.061000000000,58.293030000000,3.990143256277
2.062000000000,58.179720000000,3.993416414365
2.063000000000,58.083970000000,3.996689572453
2.064000000000,57.953420000000,3.996689572453
2.065000000000,57.871500000000,3.999962730541
2.066000000000,57.847140000000,3.999962730541
2.067000000000,57.686580000000,4.003235888629
2.068000000000,57.670850000000,4.003235888629
2.069000000000,57.513540000000,4.006509046717
2.070000000000,57.483970000000,4.009782204804
2.071000000000,57.359100000000,4.009782204804
2.072000000000,57.319070000000,4.013055362892
2.073000000000,57.167920000000,4.016328520980
2.074000000000,57.071240000000,4.016328520980
2.075000000000,56.914510000000,4.019601679068
2.076000000000,56.888800000000,4.019601679068
2.077000000000,56.781680000000,4.022874837156
2.078000000000,56.758410000000,4.022874837156
2.079000000000,56.645310000000,4.026147995244
2.080000000000,56.563870000000,4.026147995244
2.081000000000,56.385910000000,4.029421153332
2.082000000000,56.373620000000,4.032694311420
2.083000000000,56.278450000000,4.032694311420
2.084000000000,56.186830000000,4.035967469508
2.085000000000,56.047090000000,4.039240627596
2.086000000000,55.898310000000,4.039240627596
2.087000000000,55.935420000000,4.039240627596
2.088000000000,55.712340000000,4.042513785684
2.089000000000,55.694440000000,4.045786943772
2.090000000000,55.572570000000,4.045786943772
2.091000000000,55.536090000000,4.049060101860
2.092000000000,55.376680000000,4.049060101860
2.093000000000,55.340170000000,4.052333259947
2.094000000000,55.333620000000,4.052333259947
2.095000000000,55.137740000000,4.055606418035
2.096000000000,55.069730000000,4.058879576123
2.100000000000,54.673460000000,4.065425892299
2.200000000000,45.251400000000,4.255269061399
2.300000000000,35.704450000000,4.445112230498
2.400000000000,26.582500000000,4.631682241510
2.500000000000,18.168910000000,4.821525410609
2.600000000000,10.913370000000,5.008095421621
2.700000000000,5.233742000000,5.194665432632
2.800000000000,1.499206000000,5.377962285556
2.862000000000,0.300178300000,5.492522818633
2.863000000000,0.291586600000,5.495795976721
2.864000000000,0.279605800000,5.495795976721
2.865000000000,0.265990000000,5.499069134809
2.866000000000,0.259243600000,5.499069134809
2.867000000000,0.246549200000,5.502342292897
2.868000000000,0.235425700000,5.505615450985
2.869000000000,0.223748600000,5.505615450985
2.870000000000,0.216333000000,5.508888609073
2.871000000000,0.206110200000,5.508888609073
2.872000000000,0.195889300000,5.512161767161
2.873000000000,0.185436100000,5.515434925249
2.874000000000,0.178709900000,5.515434925249
2.875000000000,0.168614200000,5.518708083336
2.876000000000,0.159763000000,5.518708083336
2.877000000000,0.149832000000,5.521981241424
2.878000000000,0.144372800000,5.521981241424
2.879000000000,0.135544000000,5.525254399512
2.880000000000,0.127551300000,5.525254399512
2.881000000000,0.121957100000,5.528527557600
2.882000000000,0.114242700000,5.528527557600
2.883000000000,0.106681700000,5.531800715688
2.884000000000,0.099404410000,5.535073873776
2.885000000000,0.094404820000,5.535073873776
2.886000000000,0.088302730000,5.538347031864
2.887000000000,0.081804860000,5.538347031864
2.888000000000,0.075511870000,5.541620189952
2.889000000000,0.071767610000,5.541620189952
2.890000000000,0.066135310000,5.544893348040
2.891000000000,0.060825260000,5.544893348040
2.892000000000,0.057298340000,5.548166506128
2.893000000000,0.052418210000,5.548166506128
2.894000000000,0.047836730000,5.551439664216
2.895000000000,0.043855160000,5.554712822304
2.896000000000,0.041090400000,5.554712822304
2.897000000000,0.037647450000,5.557985980392
2.898000000000,0.034186530000,5.561259138479
2.899000000000,0.031150110000,5.561259138479
2.900000000000,0.029407800000,5.564532296567
2.901000000000,0.026676660000,5.564532296567
2.902000000000,0.024345730000,5.567805454655
2.903000000000,0.022314450000,5.567805454655
2.904000000000,0.021187740000,5.571078612743
2.905000000000,0.019663680000,5.571078612743
2.906000000000,0.018612140000,5.574351770831
2.907000000000,0.017980170000,5.574351770831
2.908000000000,0.017301950000,5.577624928919
2.909000000000,0.017035240000,5.580898087007
2.910000000000,0.017025930000,5.580898087007
2.911000000000,0.017138670000,5.584171245095
2.912000000000,0.017520150000,5.584171245095
2.913000000000,0.018491140000,5.587444403183
2.914000000000,0.060248640000,5.584171245095
2.915000000000,0.020156500000,5.590717561271
2.916000000000,0.022371270000,5.593990719359
2.917000000000,0.024306190000,5.593990719359
2.918000000000,0.025512210000,5.597263877447
2.919000000000,0.027695040000,5.597263877447
2.920000000000,0.030160900000,5.600537035534
2.921000000000,0.033229230000,5.600537035534
2.922000000000,0.035699610000,5.603810193622
2.923000000000,0.039428320000,5.603810193622
2.924000000000,0.043031100000,5.607083351710
2.925000000000,0.047426460000,5.610356509798
2.926000000000,0.050006160000,5.610356509798
2.927000000000,0.055242660000,5.613629667886
2.928000000000,0.059854050000,5.613629667886
2.929000000000,0.065262980000,5.616902825974
2.930000000000,0.068738930000,5.616902825974
2.931000000000,0.075371680000,5.620175984062
2.932000000000,0.081036490000,5.623449142150
2.933000000000,0.084974930000,5.623449142150
2.934000000000,0.092243720000,5.626722300238
2.935000000000,0.098877800000,5.626722300238
2.936000000000,0.106503700000,5.629995458326
2.937000000000,0.112044300000,5.629995458326
2.938000000000,0.111829200000,5.629995458326
2.939000000000,0.126987600000,5.636541774502
2.940000000000,0.135980600000,5.636541774502
2.941000000000,0.142236100000,5.639814932590
2.942000000000,0.151093900000,5.639814932590
2.943000000000,0.160499100000,5.643088090677
2.944000000000,0.166077200000,5.643088090677
2.945000000000,0.175982200000,5.646361248765
2.946000000000,0.185595600000,5.649634406853
2.947000000000,0.196337700000,5.649634406853
2.948000000000,0.204804200000,5.649634406853
2.949000000000,0.214896200000,5.652907564941
2.950000000000,0.226193000000,5.656180723029
2.951000000000,0.237377800000,5.656180723029
2.952000000000,0.245996700000,5.659453881117
2.953000000000,0.256953300000,5.659453881117
2.954000000000,0.270508800000,5.662727039205
2.955000000000,0.279154200000,5.662727039205
2.956000000000,0.293311000000,5.666000197293
2.957000000000,0.305688000000,5.669273355381
2.958000000000,0.318276000000,5.669273355381
2.959000000000,0.328054600000,5.672546513469
2.960000000000,0.342326300000,5.672546513469
2.961000000000,0.357137300000,5.675819671557
2.962000000000,0.372726700000,5.675819671557
3.000000000000,1.073085000000,5.744555991403
3.100000000000,4.804162000000,5.931126002415
3.200000000000,11.353440000000,6.111149697250
3.300000000000,20.560170000000,6.294446550174
3.400000000000,32.240590000000,6.474470245010
3.500000000000,45.950970000000,6.654493939845
3.537000000000,51.417390000000,6.719957101604
3.538000000000,51.559200000000,6.719957101604
3.539000000000,51.669510000000,6.723230259692
3.540000000000,51.896800000000,6.723230259692
3.541000000000,52.062500000000,6.726503417780
3.542000000000,52.152330000000,6.729776575868
3.543000000000,52.334280000000,6.729776575868
3.544000000000,52.446420000000,6.733049733955
3.545000000000,52.635650000000,6.733049733955
3.546000000000,52.720710000000,6.736322892043
3.547000000000,52.896360000000,6.736322892043
3.548000000000,53.089990000000,6.739596050131
3.549000000000,53.240200000000,6.739596050131
3.550000000000,53.360640000000,6.742869208219
3.551000000000,53.492600000000,6.742869208219
3.552000000000,53.723760000000,6.746142366307
3.553000000000,53.795680000000,6.749415524395
3.554000000000,54.014870000000,6.749415524395
3.555000000000,54.160680000000,6.752688682483
3.556000000000,54.320990000000,6.752688682483
3.557000000000,54.385600000000,6.752688682483
3.558000000000,54.504970000000,6.755961840571
3.559000000000,54.760210000000,6.759234998659
3.560000000000,54.917540000000,6.759234998659
3.561000000000,55.002900000000,6.762508156747
3.562000000000,55.198610000000,6.762508156747
3.563000000000,55.341720000000,6.765781314835
3.564000000000,55.432040000000,6.765781314835
3.565000000000,55.604980000000,6.769054472923
3.566000000000,55.869420000000,6.769054472923
3.567000000000,59.594720000000,6.769054472923
3.568000000000,56.027520000000,6.772327631011
3.569000000000,56.288580000000,6.775600789098
3.570000000000,56.422050000000,6.778873947186
3.571000000000,56.635400000000,6.778873947186
3.572000000000,56.642130000000,6.782147105274
3.573000000000,56.815550000000,6.782147105274
3.574000000000,57.040340000000,6.785420263362
3.575000000000,57.141570000000,6.785420263362
3.576000000000,57.384870000000,6.788693421450
3.577000000000,57.457100000000,6.791966579538
3.578000000000,57.603870000000,6.791966579538
3.579000000000,57.776520000000,6.791966579538
3.580000000000,57.951890000000,6.795239737626
3.581000000000,58.092490000000,6.798512895714
3.582000000000,58.271790000000,6.798512895714
3.583000000000,58.424760000000,6.801786053802
3.584000000000,58.570180000000,6.801786053802
3.585000000000,58.695420000000,6.805059211890
3.586000000000,58.877900000000,6.805059211890
3.587000000000,58.972110000000,6.808332369978
3.588000000000,59.106620000000,6.808332369978
3.589000000000,59.241650000000,6.811605528066
3.590000000000,59.487180000000,6.811605528066
3.591000000000,59.654420000000,6.814878686154
3.592000000000,59.752020000000,6.818151844241
3.593000000000,59.938990000000,6.818151844241
3.594000000000,60.137340000000,6.821425002329
3.595000000000,60.255560000000,6.821425002329
3.596000000000,60.226360000000,6.821425002329
3.597000000000,60.198320000000,6.821425002329
3.598000000000,60.624420000000,6.827971318505
3.599000000000,60.766760000000,6.827971318505
3.600000000000,60.874770000000,6.831244476593
3.601000000000,60.998030000000,6.831244476593
3.602000000000,61.294480000000,6.834517634681
3.603000000000,61.400070000000,6.837790792769
3.604000000000,61.574220000000,6.837790792769
3.605000000000,61.664040000000,6.841063950857
3.606000000000,61.879400000000,6.841063950857
3.607000000000,62.007120000000,6.844337108945
3.608000000000,62.196830000000,6.844337108945
3.609000000000,62.220740000000,6.847610267033
3.610000000000,62.557960000000,6.847610267033
3.611000000000,62.703520000000,6.850883425121
3.612000000000,62.868330000000,6.850883425121
3.613000000000,62.828490000000,6.854156583209
3.614000000000,63.052610000000,6.857429741296
3.615000000000,63.316450000000,6.857429741296
3.616000000000,63.457310000000,6.857429741296
3.617000000000,63.428520000000,6.860702899384
3.618000000000,63.618350000000,6.863976057472
3.619000000000,63.896540000000,6.863976057472
3.620000000000,63.998130000000,6.867249215560
3.621000000000,64.152130000000,6.867249215560
3.622000000000,64.306080000000,6.870522373648
3.623000000000,64.326570000000,6.870522373648
3.624000000000,64.613520000000,6.873795531736
3.625000000000,64.662200000000,6.877068689824
3.626000000000,64.896110000000,6.877068689824
3.627000000000,65.103940000000,6.880341847912
3.628000000000,65.169970000000,6.880341847912
3.629000000000,65.358730000000,6.883615006000
3.630000000000,65.527280000000,6.883615006000
3.631000000000,65.685610000000,6.886888164088
3.632000000000,65.901910000000,6.886888164088
3.633000000000,66.079520000000,6.890161322176
3.634000000000,66.216300000000,6.893434480264
3.635000000000,66.322020000000,6.893434480264
3.636000000000,66.495980000000,6.896707638352
3.637000000000,66.667680000000,6.896707638352
3.700000000000,76.038730000000,7.007995013341
3.800000000000,90.431780000000,7.184745550089
3.900000000000,103.094800000000,7.361496086836
4.000000000000,112.811700000000,7.538246623584
4.100000000000,118.765300000000,7.711724002244
4.114000000000,119.507400000000,7.734636108860
4.115000000000,119.426700000000,7.737909266947
4.116000000000,119.624500000000,7.737909266947
4.117000000000,119.677300000000,7.741182425035
4.118000000000,119.580600000000,7.741182425035
4.119000000000,119.636100000000,7.744455583123
4.120000000000,119.839400000000,7.747728741211
4.121000000000,119.752100000000,7.747728741211
4.122000000000,119.850200000000,7.747728741211
4.123000000000,119.703100000000,7.751001899299
4.124000000000,119.814200000000,7.754275057387
4.125000000000,119.827600000000,7.754275057387
4.126000000000,119.968000000000,7.757548215475
4.127000000000,119.936500000000,7.757548215475
4.128000000000,119.849800000000,7.760821373563
4.129000000000,119.850800000000,7.760821373563
4.130000000000,120.083300000000,7.764094531651
4.131000000000,120.047500000000,7.764094531651
4.132000000000,120.001800000000,7.767367689739
4.133000000000,119.954100000000,7.767367689739
4.134000000000,120.095600000000,7.770640847827
4.135000000000,120.193100000000,7.770640847827
4.136000000000,120.155300000000,7.773914005915
4.137000000000,120.218100000000,7.773914005915
4.138000000000,120.129100000000,7.777187164003
4.139000000000,120.286500000000,7.780460322090
4.140000000000,119.937700000000,7.780460322090
4.141000000000,120.357800000000,7.780460322090
4.142000000000,120.165600000000,7.783733480178
4.143000000000,120.261300000000,7.787006638266
4.144000000000,120.190700000000,7.787006638266
4.145000000000,120.283500000000,7.790279796354
4.146000000000,120.261700000000,7.790279796354
4.147000000000,120.533300000000,7.790279796354
4.148000000000,120.294900000000,7.793552954442
4.149000000000,120.313000000000,7.796826112530
4.150000000000,120.306600000000,7.796826112530
4.151000000000,120.376400000000,7.796826112530
4.152000000000,120.423200000000,7.800099270618
4.153000000000,120.319300000000,7.803372428706
4.154000000000,120.413700000000,7.806645586794
4.155000000000,120.523700000000,7.806645586794
4.156000000000,120.317900000000,7.806645586794
4.157000000000,120.297300000000,7.809918744882
4.158000000000,120.442500000000,7.809918744882
4.159000000000,120.323400000000,7.813191902970
4.160000000000,120.495200000000,7.816465061058
4.161000000000,120.251500000000,7.816465061058
4.162000000000,120.388600000000,7.819738219146
4.163000000000,120.567500000000,7.819738219146
4.164000000000,120.456800000000,7.823011377233
4.165000000000,120.422900000000,7.823011377233
4.166000000000,120.628000000000,7.826284535321
4.167000000000,120.450100000000,7.826284535321
4.168000000000,120.613500000000,7.829557693409
4.169000000000,120.488400000000,7.829557693409
4.170000000000,120.365100000000,7.832830851497
4.171000000000,124.488200000000,7.829557693409
4.172000000000,120.602800000000,7.836104009585
4.173000000000,120.543600000000,7.839377167673
4.174000000000,120.484400000000,7.839377167673
4.175000000000,120.480100000000,7.839377167673
4.176000000000,120.458500000000,7.842650325761
4.177000000000,120.377400000000,7.845923483849
4.178000000000,120.644200000000,7.845923483849
4.179000000000,120.525500000000,7.849196641937
4.180000000000,120.470200000000,7.849196641937
4.181000000000,120.517100000000,7.849196641937
4.182000000000,120.507800000000,7.852469800025
4.183000000000,120.584100000000,7.855742958113
4.184000000000,120.192100000000,7.855742958113
4.185000000000,120.451600000000,7.859016116201
4.186000000000,120.481400000000,7.859016116201
4.187000000000,120.510200000000,7.862289274289
4.188000000000,120.623300000000,7.862289274289
4.189000000000,120.522800000000,7.865562432376
4.190000000000,120.458000000000,7.865562432376
4.191000000000,120.563600000000,7.868835590464
4.192000000000,120.251200000000,7.868835590464
4.193000000000,120.544600000000,7.872108748552
4.194000000000,120.538300000000,7.875381906640
4.195000000000,120.335700000000,7.875381906640
4.196000000000,120.422200000000,7.878655064728
4.197000000000,120.462200000000,7.878655064728
4.198000000000,120.402300000000,7.881928222816
4.199000000000,120.505500000000,7.881928222816
4.200000000000,120.208400000000,7.885201380904
4.201000000000,120.437000000000,7.885201380904
4.202000000000,120.354700000000,7.888474538992
4.203000000000,120.295000000000,7.888474538992
4.204000000000,120.306600000000,7.891747697080
4.205000000000,120.341100000000,7.891747697080
4.206000000000,120.430400000000,7.895020855168
4.207000000000,120.368700000000,7.895020855168
4.208000000000,120.320100000000,7.898294013256
4.209000000000,120.303400000000,7.898294013256
4.210000000000,120.328300000000,7.901567171344
4.211000000000,120.324400000000,7.901567171344
4.212000000000,120.413000000000,7.904840329432
4.213000000000,120.236800000000,7.908113487519
4.214000000000,120.204100000000,7.908113487519
4.300000000000,116.545900000000,8.055405601476
4.400000000000,107.178600000000,8.228882980136
4.500000000000,92.745050000000,8.399087200708
4.600000000000,74.538860000000,8.566018263192
4.630000000000,68.574480000000,8.618388792598
4.631000000000,68.424760000000,8.618388792598
4.632000000000,68.138140000000,8.621661950686
4.633000000000,68.043260000000,8.621661950686
4.634000000000,67.861750000000,8.624935108774
4.635000000000,67.585510000000,8.624935108774
4.636000000000,67.320540000000,8.628208266862
4.637000000000,67.304790000000,8.628208266862
4.638000000000,66.946780000000,8.631481424950
4.639000000000,66.752210000000,8.631481424950
4.640000000000,66.528560000000,8.634754583038
4.641000000000,66.362640000000,8.634754583038
4.642000000000,66.278280000000,8.638027741126
4.643000000000,66.050520000000,8.638027741126
4.644000000000,65.830750000000,8.641300899214
4.645000000000,65.490410000000,8.644574057302
4.646000000000,65.314690000000,8.644574057302
4.647000000000,65.089520000000,8.647847215390
4.648000000000,65.124690000000,8.647847215390
4.649000000000,64.837910000000,8.651120373478
4.650000000000,64.695840000000,8.651120373478
4.651000000000,64.420890000000,8.654393531566
4.652000000000,64.216070000000,8.654393531566
4.653000000000,64.041550000000,8.654393531566
4.654000000000,63.777010000000,8.657666689654
4.655000000000,63.591620000000,8.660939847741
4.656000000000,63.423100000000,8.660939847741
4.657000000000,63.193100000000,8.664213005829
4.658000000000,62.970990000000,8.664213005829
4.659000000000,62.820440000000,8.667486163917
4.660000000000,62.585190000000,8.667486163917
4.661000000000,62.398610000000,8.670759322005
4.662000000000,62.267030000000,8.670759322005
4.663000000000,62.038660000000,8.674032480093
4.664000000000,61.714920000000,8.674032480093
4.665000000000,61.593990000000,8.677305638181
4.666000000000,61.383100000000,8.677305638181
4.667000000000,61.422350000000,8.677305638181
4.668000000000,60.976850000000,8.680578796269
4.669000000000,60.698130000000,8.683851954357
4.670000000000,60.550740000000,8.683851954357
4.671000000000,60.323000000000,8.687125112445
4.672000000000,60.224810000000,8.687125112445
4.673000000000,60.047580000000,8.690398270533
4.674000000000,59.900300000000,8.690398270533
4.675000000000,59.619920000000,8.693671428621
4.676000000000,59.414420000000,8.696944586709
4.677000000000,59.209910000000,8.696944586709
4.678000000000,59.008880000000,8.696944586709
4.679000000000,58.872910000000,8.700217744797
4.680000000000,58.589000000000,8.703490902884
4.681000000000,58.470540000000,8.703490902884
4.682000000000,58.210040000000,8.706764060972
4.683000000000,57.994870000000,8.706764060972
4.684000000000,57.764130000000,8.710037219060
4.685000000000,57.695360000000,8.710037219060
4.686000000000,57.415780000000,8.713310377148
4.687000000000,57.220250000000,8.713310377148
4.688000000000,56.923140000000,8.716583535236
4.689000000000,56.930370000000,8.716583535236
4.690000000000,56.607860000000,8.719856693324
4.691000000000,56.537040000000,8.719856693324
4.692000000000,56.249980000000,8.723129851412
4.693000000000,56.053570000000,8.723129851412
4.694000000000,55.810530000000,8.726403009500
4.695000000000,55.647270000000,8.726403009500
4.696000000000,55.426120000000,8.729676167588
4.697000000000,55.188970000000,8.729676167588
4.698000000000,55.045280000000,8.732949325676
4.699000000000,54.907570000000,8.732949325676
4.700000000000,54.738710000000,8.736222483764
4.701000000000,54.428460000000,8.736222483764
4.702000000000,54.234960000000,8.739495641852
4.703000000000,53.936420000000,8.742768799940
4.704000000000,53.922970000000,8.742768799940
4.705000000000,53.899930000000,8.742768799940
4.706000000000,53.466260000000,8.746041958027
4.707000000000,53.280040000000,8.749315116115
4.708000000000,53.162050000000,8.749315116115
4.709000000000,52.994390000000,8.749315116115
4.710000000000,52.721650000000,8.752588274203
4.711000000000,52.527720000000,8.752588274203
4.712000000000,52.348990000000,8.755861432291
4.713000000000,52.096360000000,8.759134590379
4.714000000000,51.868240000000,8.759134590379
4.715000000000,51.703720000000,8.759134590379
4.716000000000,51.407880000000,8.762407748467
4.717000000000,51.238300000000,8.765680906555
4.718000000000,51.035540000000,8.765680906555
4.719000000000,50.959460000000,8.768954064643
4.720000000000,50.699410000000,8.768954064643
4.721000000000,50.558270000000,8.772227222731
4.722000000000,50.237400000000,8.772227222731
4.723000000000,50.186040000000,8.772227222731
4.724000000000,49.939740000000,8.775500380819
4.725000000000,49.675860000000,8.778773538907
4.726000000000,49.535360000000,8.778773538907
4.727000000000,49.310530000000,8.782046696995
4.728000000000,49.099760000000,8.782046696995
4.729000000000,48.929370000000,8.785319855082
4.730000000000,48.947250000000,8.785319855082
4.800000000000,35.562880000000,8.903153546248
4.900000000000,19.163680000000,9.070084608732
5.000000000000,7.100651000000,9.233742513128
