v,pow(uW),current(mA)
0.000000000000,162.314100000000,-0.027096228465
0.100000000000,161.237000000000,0.171399056534
0.200000000000,160.740400000000,0.363483543081
0.300000000000,160.585600000000,0.563146186444
0.400000000000,160.060800000000,0.759535671720
0.500000000000,159.197900000000,0.959198315083
0.600000000000,158.541900000000,1.155587800358
0.700000000000,157.439600000000,1.355250443721
0.800000000000,156.006300000000,1.551639928997
0.900000000000,154.222100000000,1.748029414272
1.000000000000,151.584700000000,1.944418899547
1.100000000000,148.460400000000,2.140808384823
1.200000000000,144.376000000000,2.337197870098
1.300000000000,139.593300000000,2.533587355373
1.400000000000,133.861000000000,2.729976840649
1.500000000000,126.776100000000,2.923093167836
1.600000000000,118.729500000000,3.116209495023
1.700000000000,109.330100000000,3.312598980299
1.800000000000,98.873220000000,3.505715307486
1.892000000000,88.292050000000,3.682465844234
1.893000000000,88.139340000000,3.682465844234
1.894000000000,88.152960000000,3.685739002322
1.895000000000,87.836070000000,3.685739002322
1.896000000000,87.753940000000,3.689012160410
1.897000000000,87.501610000000,3.692285318498
1.898000000000,87.447590000000,3.692285318498
1.899000000000,87.419530000000,3.695558476586
1.900000000000,87.137910000000,3.695558476586
1.901000000000,87.193770000000,3.698831634674
1.902000000000,86.979420000000,3.698831634674
1.903000000000,87.023230000000,3.702104792761
1.904000000000,86.706740000000,3.705377950849
1.905000000000,86.901960000000,3.705377950849
1.906000000000,86.649150000000,3.708651108937
1.907000000000,86.369740000000,3.708651108937
1.908000000000,86.237390000000,3.711924267025
1.909000000000,86.049900000000,3.711924267025
1.910000000000,86.064500000000,3.715197425113
1.911000000000,85.831820000000,3.718470583201
1.912000000000,85.841120000000,3.718470583201
1.913000000000,85.805360000000,3.721743741289
1.914000000000,85.530670000000,3.725016899377
1.915000000000,85.479330000000,3.725016899377
1.916000000000,85.319090000000,3.725016899377
1.917000000000,85.001800000000,3.728290057465
1.918000000000,85.002350000000,3.731563215553
1.919000000000,84.638370000000,3.731563215553
1.920000000000,85.039610000000,3.731563215553
1.921000000000,84.613540000000,3.734836373641
1.922000000000,84.485160000000,3.738109531729
1.923000000000,84.369890000000,3.741382689817
1.924000000000,84.411960000000,3.741382689817
1.925000000000,84.261200000000,3.744655847904
1.926000000000,84.058720000000,3.747929005992
1.927000000000,83.938890000000,3.747929005992
1.928000000000,83.935580000000,3.747929005992
1.929000000000,83.715390000000,3.751202164080
1.930000000000,83.463390000000,3.754475322168
1.931000000000,83.409590000000,3.754475322168
1.932000000000,83.151210000000,3.757748480256
1.933000000000,83.215350000000,3.761021638344
1.934000000000,83.055720000000,3.761021638344
1.935000000000,82.947030000000,3.764294796432
1.936000000000,82.743600000000,3.764294796432
1.937000000000,82.755090000000,3.767567954520
1.938000000000,82.730910000000,3.767567954520
1.939000000000,82.528280000000,3.770841112608
1.940000000000,82.395960000000,3.774114270696
1.941000000000,82.173570000000,3.774114270696
1.942000000000,81.997180000000,3.777387428784
1.943000000000,82.129030000000,3.780660586872
1.944000000000,81.679140000000,3.780660586872
1.945000000000,81.700350000000,3.783933744960
1.946000000000,81.583510000000,3.783933744960
1.947000000000,81.534080000000,3.787206903047
1.948000000000,81.371840000000,3.787206903047
1.949000000000,81.201180000000,3.790480061135
1.950000000000,81.054930000000,3.793753219223
1.951000000000,69.980750000000,3.793753219223
1.952000000000,80.928480000000,3.797026377311
1.953000000000,80.809430000000,3.797026377311
1.954000000000,80.650550000000,3.800299535399
1.955000000000,80.412140000000,3.800299535399
1.956000000000,80.476300000000,3.803572693487
1.957000000000,80.459050000000,3.806845851575
1.958000000000,80.096940000000,3.806845851575
1.959000000000,79.942710000000,3.810119009663
1.960000000000,79.843320000000,3.810119009663
1.961000000000,79.755590000000,3.813392167751
1.962000000000,79.510920000000,3.816665325839
1.963000000000,79.519780000000,3.816665325839
1.964000000000,79.375650000000,3.819938483927
1.965000000000,79.232400000000,3.819938483927
1.966000000000,79.069180000000,3.823211642015
1.967000000000,79.077730000000,3.826484800102
1.968000000000,78.942050000000,3.826484800102
1.969000000000,78.669920000000,3.829757958190
1.970000000000,78.828310000000,3.829757958190
1.971000000000,78.381640000000,3.833031116278
1.972000000000,78.358060000000,3.833031116278
1.973000000000,78.448310000000,3.836304274366
1.974000000000,78.171630000000,3.839577432454
1.975000000000,77.981880000000,3.839577432454
1.976000000000,77.919180000000,3.842850590542
1.977000000000,77.658190000000,3.846123748630
1.978000000000,77.480700000000,3.846123748630
1.979000000000,77.384250000000,3.849396906718
1.980000000000,77.400700000000,3.849396906718
1.981000000000,77.233320000000,3.852670064806
1.982000000000,77.028960000000,3.852670064806
1.983000000000,76.908180000000,3.855943222894
1.984000000000,76.962170000000,3.855943222894
1.985000000000,76.728400000000,3.859216380982
1.986000000000,76.691380000000,3.862489539070
1.987000000000,76.489540000000,3.862489539070
1.988000000000,76.481120000000,3.865762697158
1.989000000000,76.259200000000,3.869035855245
1.990000000000,76.093380000000,3.869035855245
1.991000000000,76.038420000000,3.872309013333
1.992000000000,75.825260000000,3.872309013333
2.000000000000,74.796240000000,3.888674803773
2.100000000000,62.040380000000,4.078517972872
2.200000000000,49.244340000000,4.271634300060
2.300000000000,37.280530000000,4.461477469159
2.400000000000,26.167640000000,4.648047480171
2.500000000000,16.749880000000,4.837890649270
2.600000000000,9.312400000000,5.024460660282
2.700000000000,4.202453000000,5.211030671293
2.777000000000,2.101320000000,5.355049627162
2.778000000000,2.085446000000,5.355049627162
2.779000000000,2.060912000000,5.358322785250
2.780000000000,2.054588000000,5.358322785250
2.781000000000,2.042811000000,5.361595943338
2.782000000000,2.018177000000,5.361595943338
2.783000000000,2.002645000000,5.364869101426
2.784000000000,1.982961000000,5.368142259514
2.785000000000,1.978310000000,5.368142259514
2.786000000000,1.963635000000,5.371415417602
2.787000000000,1.940568000000,5.371415417602
2.788000000000,1.934326000000,5.374688575690
2.789000000000,1.919685000000,5.374688575690
2.790000000000,1.910166000000,5.377961733777
2.791000000000,1.891806000000,5.381234891865
2.792000000000,1.887291000000,5.381234891865
2.793000000000,1.869053000000,5.384508049953
2.794000000000,1.861192000000,5.384508049953
2.795000000000,1.847082000000,5.387781208041
2.796000000000,1.843469000000,5.387781208041
2.797000000000,1.826070000000,5.391054366129
2.798000000000,1.813802000000,5.394327524217
2.799000000000,1.808082000000,5.394327524217
2.800000000000,1.801342000000,5.397600682305
2.801000000000,1.791866000000,5.397600682305
2.802000000000,1.775175000000,5.400873840393
2.803000000000,1.774618000000,5.400873840393
2.804000000000,1.765648000000,5.404146998481
2.805000000000,1.754580000000,5.404146998481
2.806000000000,1.750122000000,5.407420156569
2.807000000000,1.744431000000,5.407420156569
2.808000000000,1.739566000000,5.410693314657
2.809000000000,1.732070000000,5.413966472745
2.810000000000,1.725463000000,5.413966472745
2.811000000000,1.711848000000,5.417239630833
2.812000000000,1.711879000000,5.417239630833
2.813000000000,1.704217000000,5.420512788920
2.814000000000,1.706092000000,5.420512788920
2.815000000000,1.689615000000,5.423785947008
2.816000000000,1.689210000000,5.427059105096
2.817000000000,1.685868000000,5.427059105096
2.818000000000,1.683445000000,5.430332263184
2.819000000000,1.683780000000,5.430332263184
2.820000000000,1.673193000000,5.433605421272
2.821000000000,1.668290000000,5.433605421272
2.822000000000,1.673450000000,5.436878579360
2.823000000000,1.676867000000,5.440151737448
2.824000000000,1.667759000000,5.440151737448
2.825000000000,1.669494000000,5.440151737448
2.826000000000,1.662690000000,5.443424895536
2.827000000000,1.662539000000,5.446698053624
2.828000000000,1.650985000000,5.449971211712
2.829000000000,1.667203000000,5.449971211712
2.830000000000,1.669053000000,5.449971211712
2.831000000000,1.668593000000,5.453244369800
2.832000000000,1.663571000000,5.456517527888
2.833000000000,1.665884000000,5.456517527888
2.834000000000,1.664409000000,5.459790685976
2.835000000000,1.657987000000,5.459790685976
2.836000000000,1.656095000000,5.459790685976
2.837000000000,1.667226000000,5.463063844063
2.838000000000,1.665790000000,5.466337002151
2.839000000000,1.673270000000,5.469610160239
2.840000000000,1.679769000000,5.469610160239
2.841000000000,1.676801000000,5.472883318327
2.842000000000,1.691636000000,5.472883318327
2.843000000000,1.691233000000,5.476156476415
2.844000000000,1.690492000000,5.479429634503
2.845000000000,1.700974000000,5.479429634503
2.846000000000,1.703147000000,5.482702792591
2.847000000000,1.711779000000,5.482702792591
2.848000000000,1.710279000000,5.485975950679
2.849000000000,1.723425000000,5.485975950679
2.850000000000,1.728155000000,5.489249108767
2.851000000000,1.732410000000,5.492522266855
2.852000000000,1.735323000000,5.492522266855
2.853000000000,1.747457000000,5.495795424943
2.854000000000,1.758032000000,5.495795424943
2.855000000000,1.761620000000,5.499068583031
2.856000000000,1.777027000000,5.499068583031
2.857000000000,1.777409000000,5.502341741118
2.858000000000,1.797713000000,5.505614899206
2.859000000000,1.794542000000,5.505614899206
2.860000000000,1.805494000000,5.505614899206
2.861000000000,1.807755000000,5.508888057294
2.862000000000,1.830517000000,5.512161215382
2.863000000000,1.841795000000,5.512161215382
2.864000000000,1.842717000000,5.515434373470
2.865000000000,1.853295000000,5.515434373470
2.866000000000,1.852349000000,5.515434373470
2.867000000000,1.890853000000,5.521980689646
2.868000000000,1.889853000000,5.521980689646
2.869000000000,1.911583000000,5.525253847734
2.870000000000,1.926994000000,5.525253847734
2.871000000000,1.935458000000,5.528527005822
2.872000000000,1.949639000000,5.528527005822
2.873000000000,1.967856000000,5.531800163910
2.874000000000,1.976249000000,5.531800163910
2.875000000000,1.993244000000,5.535073321998
2.876000000000,2.004946000000,5.538346480086
2.877000000000,2.013988000000,5.538346480086
2.900000000000,2.447656000000,5.580897535229
3.000000000000,6.561935000000,5.764194388152
3.100000000000,14.468020000000,5.947491241076
3.200000000000,26.430670000000,6.130788094000
3.300000000000,42.294580000000,6.314084946923
3.400000000000,61.103640000000,6.494108641759
3.459000000000,73.474960000000,6.602122858660
3.460000000000,73.523360000000,6.602122858660
3.461000000000,73.804170000000,6.605396016748
3.462000000000,74.199580000000,6.605396016748
3.463000000000,74.159460000000,6.608669174836
3.464000000000,74.483590000000,6.608669174836
3.465000000000,74.778600000000,6.611942332924
3.466000000000,75.152880000000,6.611942332924
3.467000000000,75.120280000000,6.615215491012
3.468000000000,75.261470000000,6.615215491012
3.469000000000,75.594050000000,6.618488649100
3.470000000000,75.830100000000,6.618488649100
3.471000000000,75.894520000000,6.621761807188
3.472000000000,76.100430000000,6.621761807188
3.473000000000,76.305130000000,6.625034965276
3.474000000000,76.629690000000,6.628308123364
3.475000000000,76.582780000000,6.628308123364
3.476000000000,76.965410000000,6.631581281452
3.477000000000,77.395050000000,6.631581281452
3.478000000000,77.410850000000,6.634854439539
3.479000000000,77.559090000000,6.634854439539
3.480000000000,77.832090000000,6.638127597627
3.481000000000,77.924940000000,6.641400755715
3.482000000000,78.097800000000,6.641400755715
3.483000000000,78.461130000000,6.641400755715
3.484000000000,78.683990000000,6.644673913803
3.485000000000,78.815620000000,6.647947071891
3.486000000000,78.893580000000,6.647947071891
3.487000000000,79.345600000000,6.651220229979
3.488000000000,79.433990000000,6.651220229979
3.489000000000,79.827300000000,6.654493388067
3.490000000000,79.906730000000,6.654493388067
3.491000000000,80.167920000000,6.657766546155
3.492000000000,80.087700000000,6.657766546155
3.493000000000,80.074650000000,6.657766546155
3.494000000000,80.832620000000,6.661039704243
3.495000000000,80.986010000000,6.664312862331
3.496000000000,81.196740000000,6.667586020419
3.497000000000,81.410430000000,6.667586020419
3.498000000000,81.629090000000,6.670859178507
3.499000000000,81.923080000000,6.670859178507
3.500000000000,82.142160000000,6.674132336595
3.501000000000,82.128870000000,6.674132336595
3.502000000000,82.469190000000,6.677405494682
3.503000000000,82.633160000000,6.680678652770
3.504000000000,82.906380000000,6.680678652770
3.505000000000,83.036030000000,6.683951810858
3.506000000000,83.347970000000,6.683951810858
3.507000000000,83.485950000000,6.687224968946
3.508000000000,83.765260000000,6.687224968946
3.509000000000,83.964760000000,6.690498127034
3.510000000000,84.180280000000,6.690498127034
3.511000000000,84.320100000000,6.693771285122
3.512000000000,84.687340000000,6.697044443210
3.513000000000,84.435080000000,6.697044443210
3.514000000000,84.968920000000,6.700317601298
3.515000000000,85.152310000000,6.700317601298
3.516000000000,85.255700000000,6.703590759386
3.517000000000,85.725490000000,6.703590759386
3.518000000000,85.758310000000,6.706863917474
3.519000000000,86.057330000000,6.710137075562
3.520000000000,86.254190000000,6.710137075562
3.521000000000,86.447870000000,6.710137075562
3.522000000000,86.645070000000,6.713410233650
3.523000000000,86.850780000000,6.716683391738
3.524000000000,86.989120000000,6.716683391738
3.525000000000,87.319550000000,6.719956549825
3.526000000000,87.544470000000,6.719956549825
3.527000000000,87.728960000000,6.723229707913
3.528000000000,87.950980000000,6.723229707913
3.529000000000,88.173930000000,6.726502866001
3.530000000000,88.391950000000,6.729776024089
3.531000000000,88.442310000000,6.729776024089
3.532000000000,88.764180000000,6.733049182177
3.533000000000,88.946090000000,6.733049182177
3.534000000000,89.370520000000,6.736322340265
3.535000000000,89.347720000000,6.736322340265
3.536000000000,89.583850000000,6.739595498353
3.537000000000,89.867450000000,6.739595498353
3.538000000000,90.031820000000,6.742868656441
3.539000000000,90.150690000000,6.742868656441
3.540000000000,90.382130000000,6.746141814529
3.541000000000,90.824920000000,6.749414972617
3.542000000000,90.788330000000,6.749414972617
3.543000000000,91.040550000000,6.752688130705
3.544000000000,91.385900000000,6.752688130705
3.545000000000,91.471860000000,6.755961288793
3.546000000000,91.625460000000,6.755961288793
3.547000000000,91.847090000000,6.759234446880
3.548000000000,92.150860000000,6.759234446880
3.549000000000,92.302430000000,6.762507604968
3.550000000000,92.537940000000,6.762507604968
3.551000000000,92.798360000000,6.765780763056
3.552000000000,93.041820000000,6.765780763056
3.553000000000,93.217710000000,6.769053921144
3.554000000000,93.255730000000,6.769053921144
3.555000000000,93.567210000000,6.772327079232
3.556000000000,93.917220000000,6.775600237320
3.557000000000,94.016930000000,6.775600237320
3.558000000000,94.150440000000,6.778873395408
3.559000000000,94.187490000000,6.778873395408
3.600000000000,102.965300000000,6.850882873342
3.700000000000,122.626200000000,7.030906568178
3.800000000000,122.255700000000,7.030906568178
3.900000000000,152.567000000000,7.384407641674
4.000000000000,161.045200000000,7.557885020333
4.039000000000,163.244000000000,7.626621340180
4.040000000000,163.021300000000,7.629894498268
4.041000000000,162.788100000000,7.629894498268
4.042000000000,162.982500000000,7.633167656356
4.043000000000,163.122400000000,7.633167656356
4.044000000000,163.229200000000,7.636440814444
4.045000000000,163.061800000000,7.636440814444
4.046000000000,163.261700000000,7.639713972531
4.047000000000,163.377600000000,7.639713972531
4.048000000000,163.240900000000,7.642987130619
4.049000000000,163.433900000000,7.646260288707
4.050000000000,163.124000000000,7.646260288707
4.051000000000,163.427600000000,7.649533446795
4.052000000000,163.480800000000,7.649533446795
4.053000000000,163.463700000000,7.652806604883
4.054000000000,163.437500000000,7.652806604883
4.055000000000,163.450100000000,7.656079762971
4.056000000000,163.336600000000,7.656079762971
4.057000000000,163.576600000000,7.659352921059
4.058000000000,163.323400000000,7.659352921059
4.059000000000,163.503500000000,7.662626079147
4.060000000000,163.691500000000,7.662626079147
4.061000000000,163.541800000000,7.665899237235
4.062000000000,163.564500000000,7.665899237235
4.063000000000,163.692300000000,7.669172395323
4.064000000000,163.824300000000,7.672445553411
4.065000000000,163.673300000000,7.672445553411
4.066000000000,163.711300000000,7.675718711499
4.067000000000,163.440500000000,7.675718711499
4.068000000000,163.713400000000,7.678991869587
4.069000000000,163.591200000000,7.678991869587
4.070000000000,163.829400000000,7.682265027674
4.071000000000,163.720100000000,7.682265027674
4.072000000000,163.689200000000,7.685538185762
4.073000000000,164.005500000000,7.688811343850
4.074000000000,163.978600000000,7.688811343850
4.075000000000,163.867800000000,7.688811343850
4.076000000000,163.702800000000,7.692084501938
4.077000000000,163.906600000000,7.695357660026
4.078000000000,163.734600000000,7.695357660026
4.079000000000,163.795200000000,7.698630818114
4.080000000000,163.794600000000,7.698630818114
4.081000000000,164.003600000000,7.701903976202
4.082000000000,163.780200000000,7.701903976202
4.083000000000,163.934000000000,7.705177134290
4.084000000000,163.920100000000,7.705177134290
4.085000000000,163.790400000000,7.708450292378
4.086000000000,164.001800000000,7.708450292378
4.087000000000,163.740500000000,7.711723450466
4.088000000000,163.682800000000,7.711723450466
4.089000000000,163.676500000000,7.714996608554
4.090000000000,163.900000000000,7.714996608554
4.091000000000,163.596400000000,7.718269766642
4.092000000000,147.690700000000,7.652806604883
4.093000000000,163.806800000000,7.721542924730
4.094000000000,164.066000000000,7.724816082817
4.095000000000,163.862500000000,7.724816082817
4.096000000000,163.893400000000,7.728089240905
4.097000000000,163.773500000000,7.728089240905
4.098000000000,163.909000000000,7.731362398993
4.099000000000,163.977300000000,7.731362398993
4.100000000000,163.877200000000,7.734635557081
4.101000000000,163.826500000000,7.737908715169
4.102000000000,163.997600000000,7.737908715169
4.103000000000,163.705800000000,7.737908715169
4.104000000000,163.825000000000,7.741181873257
4.105000000000,163.813600000000,7.741181873257
4.106000000000,164.016600000000,7.744455031345
4.107000000000,164.000700000000,7.747728189433
4.108000000000,164.122000000000,7.747728189433
4.109000000000,163.690600000000,7.751001347521
4.110000000000,163.793300000000,7.751001347521
4.111000000000,163.717200000000,7.754274505609
4.112000000000,163.719800000000,7.754274505609
4.113000000000,163.680600000000,7.757547663697
4.114000000000,163.666500000000,7.757547663697
4.115000000000,163.739000000000,7.760820821785
4.116000000000,163.812100000000,7.760820821785
4.117000000000,163.585000000000,7.764093979873
4.118000000000,163.558300000000,7.764093979873
4.119000000000,163.444900000000,7.767367137960
4.120000000000,163.612900000000,7.770640296048
4.121000000000,163.745000000000,7.770640296048
4.122000000000,163.604500000000,7.770640296048
4.123000000000,163.575300000000,7.773913454136
4.124000000000,163.665400000000,7.777186612224
4.125000000000,163.545500000000,7.777186612224
4.126000000000,163.576800000000,7.780459770312
4.127000000000,163.387600000000,7.780459770312
4.128000000000,163.491100000000,7.780459770312
4.129000000000,163.287600000000,7.783732928400
4.130000000000,163.532300000000,7.787006086488
4.131000000000,163.298800000000,7.787006086488
4.132000000000,163.294300000000,7.790279244576
4.133000000000,163.455000000000,7.790279244576
4.134000000000,163.366200000000,7.790279244576
4.135000000000,163.434400000000,7.796825560752
4.136000000000,163.484800000000,7.796825560752
4.137000000000,163.248300000000,7.800098718840
4.138000000000,163.201500000000,7.800098718840
4.139000000000,163.145100000000,7.803371876928
4.200000000000,160.225100000000,7.908112935741
4.300000000000,148.575700000000,8.081590314401
4.400000000000,129.949600000000,8.251794534973
4.500000000000,106.825200000000,8.421998755545
4.555000000000,92.866750000000,8.513647182007
4.556000000000,92.497670000000,8.516920340095
4.557000000000,92.308180000000,8.520193498182
4.558000000000,92.291180000000,8.520193498182
4.559000000000,91.801080000000,8.523466656270
4.560000000000,91.556210000000,8.523466656270
4.561000000000,91.193640000000,8.526739814358
4.562000000000,91.007810000000,8.526739814358
4.563000000000,90.806560000000,8.530012972446
4.564000000000,90.381410000000,8.530012972446
4.565000000000,90.250170000000,8.533286130534
4.566000000000,90.007810000000,8.533286130534
4.567000000000,89.802780000000,8.536559288622
4.568000000000,89.635660000000,8.536559288622
4.569000000000,89.158040000000,8.539832446710
4.570000000000,89.058210000000,8.539832446710
4.571000000000,88.793670000000,8.543105604798
4.572000000000,88.484700000000,8.543105604798
4.573000000000,88.271770000000,8.546378762886
4.574000000000,87.998900000000,8.546378762886
4.575000000000,87.812560000000,8.549651920974
4.576000000000,87.410060000000,8.549651920974
4.577000000000,87.154320000000,8.552925079062
4.578000000000,86.939120000000,8.552925079062
4.579000000000,86.742520000000,8.556198237150
4.580000000000,86.463190000000,8.559471395238
4.581000000000,86.288350000000,8.559471395238
4.582000000000,85.914620000000,8.562744553325
4.583000000000,85.680850000000,8.562744553325
4.584000000000,85.473950000000,8.566017711413
4.585000000000,85.157010000000,8.566017711413
4.586000000000,84.953040000000,8.569290869501
4.587000000000,84.525590000000,8.569290869501
4.588000000000,84.393400000000,8.572564027589
4.589000000000,84.121440000000,8.572564027589
4.590000000000,83.729090000000,8.575837185677
4.591000000000,83.631470000000,8.575837185677
4.592000000000,83.337260000000,8.579110343765
4.593000000000,83.218820000000,8.579110343765
4.594000000000,83.172180000000,8.579110343765
4.595000000000,82.661250000000,8.582383501853
4.596000000000,82.465390000000,8.585656659941
4.597000000000,82.152900000000,8.585656659941
4.598000000000,81.931080000000,8.588929818029
4.599000000000,81.644870000000,8.592202976117
4.600000000000,81.534400000000,8.592202976117
4.601000000000,81.152100000000,8.592202976117
4.602000000000,80.853580000000,8.595476134205
4.603000000000,80.549540000000,8.598749292293
4.604000000000,80.449510000000,8.598749292293
4.605000000000,80.110320000000,8.602022450381
4.606000000000,79.766660000000,8.602022450381
4.607000000000,79.602170000000,8.602022450381
4.608000000000,79.286800000000,8.605295608468
4.609000000000,79.014260000000,8.608568766556
4.610000000000,78.822160000000,8.608568766556
4.611000000000,78.609000000000,8.611841924644
4.612000000000,78.265850000000,8.611841924644
4.613000000000,78.074670000000,8.615115082732
4.614000000000,77.739470000000,8.615115082732
4.615000000000,77.588690000000,8.618388240820
4.616000000000,77.339010000000,8.618388240820
4.617000000000,77.107850000000,8.621661398908
4.618000000000,76.768670000000,8.621661398908
4.619000000000,76.583510000000,8.624934556996
4.620000000000,76.270150000000,8.624934556996
4.621000000000,75.913540000000,8.628207715084
4.622000000000,75.983240000000,8.628207715084
4.623000000000,75.586990000000,8.631480873172
4.624000000000,75.302790000000,8.634754031260
4.625000000000,74.974330000000,8.634754031260
4.626000000000,74.824900000000,8.634754031260
4.627000000000,74.554000000000,8.638027189348
4.628000000000,74.337980000000,8.641300347436
4.629000000000,74.093140000000,8.641300347436
4.630000000000,73.818000000000,8.641300347436
4.631000000000,73.447770000000,8.644573505524
4.632000000000,73.318090000000,8.647846663611
4.633000000000,73.086570000000,8.647846663611
4.634000000000,72.855200000000,8.647846663611
4.635000000000,72.642610000000,8.651119821699
4.636000000000,72.240520000000,8.651119821699
4.637000000000,72.063510000000,8.654392979787
4.638000000000,71.819090000000,8.654392979787
4.639000000000,71.594980000000,8.657666137875
4.640000000000,71.296520000000,8.660939295963
4.641000000000,71.101300000000,8.660939295963
4.642000000000,70.806020000000,8.664212454051
4.643000000000,70.510780000000,8.664212454051
4.644000000000,70.309940000000,8.667485612139
4.645000000000,70.063650000000,8.667485612139
4.646000000000,69.939150000000,8.670758770227
4.647000000000,69.597280000000,8.670758770227
4.648000000000,69.314200000000,8.674031928315
4.649000000000,69.105630000000,8.674031928315
4.650000000000,68.864970000000,8.677305086403
4.651000000000,68.547720000000,8.677305086403
4.652000000000,68.497150000000,8.680578244491
4.653000000000,68.159490000000,8.680578244491
4.654000000000,67.797070000000,8.683851402579
4.655000000000,67.628450000000,8.683851402579
4.700000000000,57.030180000000,8.762407196689
4.800000000000,34.967300000000,8.929338259173
4.900000000000,17.026810000000,9.096269321657
5.000000000000,5.255083000000,9.259927226053
