x_power,dp,pow(uW),v_primary,v_secondary,p_primary,p_secondary,scan_type
0.0,0.0,54.87989,3.937,0.0,0.029192842112507375,0.0,phase_coarse
0.0010822772949170038,0.2,45.596039999999995,4.008,0.75,0.030255265932287587,0.0010822772949170038,phase_coarse
0.0021659418288200254,0.4,34.34722,4.078,1.061,0.031321315321968406,0.0021659418288200254,phase_coarse
0.003246641403947106,0.6,24.35685,4.146,1.299,0.03237458010464388,0.003246641403947106,phase_coarse
0.004329109179668015,0.8,16.021639999999998,4.213,1.5,0.03342939116933931,0.004329109179668015,phase_coarse
0.005411057462287364,1.0,9.755624,4.279,1.677,0.03448499138405465,0.005411057462287364,phase_coarse
0.0064928345045880504,1.2,5.705683,4.344,1.837,0.03554063491726752,0.0064928345045880504,phase_coarse
0.007573547548054801,1.4,4.388715,4.408,1.984,0.0365955872379331,0.007573547548054801,phase_coarse
0.008655603577391511,1.6,4.557019,4.471,2.121,0.03764912511548421,0.008655603577391511,phase_coarse
0.009731839359942224,1.8,5.940393,4.533,2.249,0.03870053661983129,0.009731839359942224,phase_coarse
0.010807188156123233,2.0,13.09152,4.595,2.37,0.039766427802825514,0.010807188156123233,phase_coarse
0.011881432548451296,2.2,21.00418,4.656,2.485,0.040829258439799766,0.011881432548451296,phase_coarse
0.012956590863828405,2.4,31.02605,4.716,2.595,0.04188833920161969,0.012956590863828405,phase_coarse
0.014036705528204097,2.6,42.779669999999996,4.775,2.701,0.04294299205962855,0.014036705528204097,phase_coarse
0.015116881762132568,2.8,56.08509,4.833,2.803,0.04399255028564721,0.015116881762132568,phase_coarse
0.016192409494826334,3.0,69.95368,4.891,2.901,0.04505478011389508,0.016192409494826334,phase_coarse
0.017270290338865322,3.2,84.01777,4.948,2.996,0.04611104140655075,0.017270290338865322,phase_coarse
0.01834723417127298,3.4,97.32925999999999,5.004,3.088,0.04716069003639029,0.01834723417127298,phase_coarse
0.019420054767693064,3.6,110.0355,5.06,3.177,0.048222151432160534,0.019420054767693064,phase_coarse
0.020498228067107736,3.8,121.1096,5.115,3.264,0.049276156396119625,0.020498228067107736,phase_coarse
0.021579745362857648,4.0,131.35299999999998,5.17,3.349,0.05034155600833773,0.021579745362857648,phase_coarse
0.022662644125447995,4.2,139.73579999999998,5.224,3.432,0.05139867048705312,0.022662644125447995,phase_coarse
0.023745008002548595,4.4,146.3577,5.277,3.513,0.05244688960647473,0.023745008002548595,phase_coarse
0.02482496681899382,4.6,150.8525,5.33,3.592,0.05350568973976728,0.02482496681899382,phase_coarse
0.025900696576782643,4.8,152.7293,5.382,3.669,0.05455479594668145,0.025900696576782643,phase_coarse
0.026984828654477072,5.0,152.3442,3.324,3.745,0.020809784321044987,0.026984828654477072,phase_coarse
0.028061787879272916,5.2,147.7295,3.408,3.819,0.021874831735044172,0.028061787879272916,phase_coarse
0.02914484056574521,5.4,140.81369999999998,3.49,3.892,0.0229401578941578,0.02914484056574521,phase_coarse
0.030217892047988214,5.6,131.6308,3.57,3.963,0.024003909520057445,0.030217892047988214,phase_coarse
0.03129482048800768,5.8,120.3923,3.648,4.033,0.025064278536325164,0.03129482048800768,phase_coarse
0.032374817785423386,6.0,107.8062,3.724,4.102,0.02611950206845344,0.032374817785423386,phase_coarse
0.03345708738414629,6.2,94.00317,3.799,4.17,0.027182170731915242,0.03345708738414629,phase_coarse
0.03452454180923211,6.4,80.02832,3.872,4.236,0.028236849957705194,0.03452454180923211,phase_coarse
0.03559220595560708,6.6,66.22745,3.944,4.301,0.029296744353913197,0.03559220595560708,phase_coarse
0.036659329444346724,6.8,53.09658,4.015,4.365,0.030361040286151168,0.036659329444346724,phase_coarse
0.03774221473859741,7.0,41.02588,4.084,4.429,0.03141354982023956,0.03774221473859741,phase_coarse
0.038823574262368314,7.2,30.165419999999997,4.152,4.492,0.03246835146787032,0.038823574262368314,phase_coarse
0.03990268072531728,7.4,20.94844,4.219,4.554,0.03352467679656579,0.03990268072531728,phase_coarse
0.04097881838139326,7.6,13.51395,4.285,4.615,0.03458176867432595,0.04097881838139326,phase_coarse
0.04205128302883634,7.8,8.139274,4.35,4.675,0.03563888126962839,0.04205128302883634,phase_coarse
0.0431193820101778,8.0,5.001862,4.414,4.734,0.03669528005142835,0.0431193820101778,phase_coarse
0.04420087621734541,8.2,4.3428439999999995,4.477,4.793,0.03775024178915861,0.04420087621734541,phase_coarse
0.045277096607507936,8.4,6.285665,4.539,4.851,0.038803054552729595,0.045277096607507936,phase_coarse
0.0463473736117789,8.6,10.805029999999999,4.601,4.908,0.03987034699494776,0.0463473736117789,phase_coarse
0.047430153083360745,8.8,17.76849,4.662,4.965,0.0409345562901907,0.047430153083360745,phase_coarse
0.048506111802923954,9.0,26.72419,4.722,5.021,0.0419949931093241,0.048506111802923954,phase_coarse
0.04957460329016436,9.2,37.099489999999996,4.781,5.076,0.04305097942369118,0.04957460329016436,phase_coarse
0.05065473527097679,9.4,48.66838,4.839,5.131,0.04410184850511288,0.05065473527097679,phase_coarse
0.05077327205246166,9.424777960769,49.98668,4.846,5.137,0.044229534485066606,0.05077327205246166,phase_coarse
0.04273767579558812,7.890561579991,4.288358000000001,4.478,4.713,0.03776710775199488,0.04273767579558812,phase_fine
0.042991958048559195,7.940561579991,4.127573000000001,4.493,4.727,0.03802054921364359,0.042991958048559195,phase_fine
0.04324699452855179,7.990561579991,4.105724,4.508,4.741,0.03827483821111321,0.04324699452855179,phase_fine
0.043502785235565916,8.040561579991,4.2456499999999995,4.523,4.755,0.03852997474440374,0.043502785235565916,phase_fine
0.04375933016960157,8.090561579991,4.528836,4.538,4.769,0.03878595881351521,0.04375933016960157,phase_fine
0.04401662933065875,8.140561579991,4.957666000000001,4.553,4.783,0.039042790418447576,0.04401662933065875,phase_fine
0.04427468271873744,8.190561579991,5.559352,4.568,4.797,0.03930046955920087,0.04427468271873744,phase_fine
0.04453349033383767,8.240561579991,6.3125,4.583,4.811,0.039558996235775086,0.04453349033383767,phase_fine
0.04479305217595942,8.290561579991,7.21272,4.598,4.825,0.039818370448170215,0.04479305217595942,phase_fine
0.0450533682451027,8.340561579991,8.253614,4.613,4.839,0.04007859219638628,0.0450533682451027,phase_fine
0.04531443854126749,8.390561579991,9.433385000000001,4.628,4.853,0.040339661480423235,0.04531443854126749,phase_fine
