x_power,dp,pow(uW),v_primary,v_secondary,p_primary,p_secondary,scan_type
0.0,0.0,131.2594,3.93,0.0,0.03009141847888821,0.0,phase_coarse
0.0010571500205957248,0.2,120.9802,3.998,0.736,0.031141758984015635,0.0010571500205957248,phase_coarse
0.002114864040844303,0.4,107.7898,4.065,1.041,0.03219427574890783,0.002114864040844303,phase_coarse
0.0031724980473013,0.6,107.95989999999999,4.131,1.275,0.03324818555384641,0.0031724980473013,phase_coarse
0.004228600082382899,0.8,79.10872,4.196,1.472,0.034302716868959526,0.004228600082382899,phase_coarse
0.0052873816037045255,1.0,64.32027,4.26,1.646,0.035357109854221885,0.0052873816037045255,phase_coarse
0.006344135458454128,1.2,49.785650000000004,4.323,1.803,0.03641061635945474,0.006344135458454128,phase_coarse
0.007397975640256637,1.4,36.298950000000005,4.385,1.947,0.03746249992432584,0.007397975640256637,phase_coarse
0.00845133183619787,1.6,24.18365,4.446,2.081,0.038512035778349545,0.00845133183619787,phase_coarse
0.009505734066097341,1.8,14.09079,4.506,2.207,0.03955851084088673,0.009505734066097341,phase_coarse
0.010558456006373606,2.0,6.653137999999999,4.565,2.326,0.04060122372114479,0.010558456006373606,phase_coarse
0.0116092615187637,2.2,2.0638009999999998,4.623,2.439,0.04163948471817769,0.0116092615187637,phase_coarse
0.012660150948057163,2.4,0.4478609,4.681,2.547,0.042690853929800904,0.012660150948057163,phase_coarse
0.013715146450947865,2.6,1.745007,4.738,2.651,0.04373686724339964,0.013715146450947865,phase_coarse
0.01476937694392882,2.8,5.711228,4.794,2.751,0.044776858337720896,0.01476937694392882,phase_coarse
0.015818158692858676,3.0,12.18042,4.85,2.847,0.045829069218295215,0.015818158692858676,phase_coarse
0.016868468510052144,3.2,20.82404,4.905,2.94,0.046874385037716876,0.016868468510052144,phase_coarse
0.01791703949094564,3.4,31.52607,4.959,3.03,0.04791216285442599,0.01791703949094564,phase_coarse
0.018972878065981788,3.6,44.139649999999996,5.013,3.118,0.04896130320197499,0.018972878065981788,phase_coarse
0.0200214197735369,3.8,58.29936,5.066,3.203,0.05000206387786035,0.0200214197735369,phase_coarse
0.021072502406863692,4.0,73.7712,5.119,3.286,0.05105377014672557,0.021072502406863692,phase_coarse
0.022124182216293507,4.2,89.51979999999999,5.171,3.367,0.0520962706614381,0.022124182216293507,phase_coarse
0.023174562289499098,4.4,105.1829,5.223,3.446,0.05314930762450146,0.023174562289499098,phase_coarse
0.024221792551494634,4.6,119.4839,5.274,3.523,0.05419232833738515,0.024221792551494634,phase_coarse
0.025278115112392054,4.8,119.3908,3.062,3.599,0.018267029595320988,0.025278115112392054,phase_coarse
0.02632830198156431,5.0,131.7624,3.149,3.673,0.019319811330068163,0.02632830198156431,phase_coarse
0.02738523928256778,5.2,142.896,3.233,3.746,0.020364275738999925,0.02738523928256778,phase_coarse
0.02843317210468452,5.4,151.2695,3.315,3.817,0.021410392312909778,0.02843317210468452,phase_coarse
0.029485607166244626,5.6,156.9044,3.395,3.887,0.02245624391696466,0.029485607166244626,phase_coarse
0.030541724813773364,5.8,159.5848,3.473,3.956,0.023499960175717666,0.030541724813773364,phase_coarse
0.03158501293286659,6.0,159.65599999999998,3.55,4.023,0.02455354850987631,0.03158501293286659,phase_coarse
0.03262986034511773,6.2,156.91819999999998,3.625,4.089,0.025601981621709454,0.03262986034511773,phase_coarse
0.03367549423439342,6.4,150.5756,3.698,4.154,0.026643506034235633,0.03367549423439342,phase_coarse
0.034721153493895714,6.6,144.3666,3.77,4.218,0.027691103322040944,0.034721153493895714,phase_coarse
0.035766088726161986,6.8,134.93789999999998,3.841,4.281,0.02874393181617429,0.035766088726161986,phase_coarse
0.03680956224306499,7.0,123.76720000000002,3.91,4.343,0.029785923822562198,0.03680956224306499,phase_coarse
0.03786803932166743,7.2,110.8513,3.978,4.405,0.030830964930590087,0.03786803932166743,phase_coarse
0.03892408671318404,7.4,96.08133,4.045,4.466,0.03187826023069303,0.03892408671318404,phase_coarse
0.039976990148158274,7.6,80.64433000000001,4.111,4.526,0.03292702650315265,0.039976990148158274,phase_coarse
0.041026047066468944,7.8,64.89672,4.176,4.585,0.03397649221809711,0.041026047066468944,phase_coarse
0.04207056661733017,8.0,49.87838,4.24,4.643,0.03502589753550109,0.04207056661733017,phase_coarse
0.04312821623623431,8.2,35.941810000000004,4.303,4.701,0.03607449430518583,0.04312821623623431,phase_coarse
0.04418042296575502,8.4,23.93313,4.365,4.758,0.03712154606681913,0.04418042296575502,phase_coarse
0.04522651937377718,8.6,19.341759999999997,4.426,4.814,0.03816632804991532,0.04522651937377718,phase_coarse
0.046284855940355384,8.8,7.177904,4.486,4.87,0.039208127173835254,0.046284855940355384,phase_coarse
0.04733620788839529,9.0,2.5803800000000003,4.545,4.925,0.040246242047786374,0.04733620788839529,phase_coarse
0.048379931204452505,9.2,0.3794556,4.604,4.979,0.04129792104034298,0.048379931204452505,phase_coarse
0.04943503599447317,9.4,0.6481861,4.662,5.033,0.04234499618166936,0.04943503599447317,phase_coarse
0.04955297242015222,9.424777960769,0.8408069,4.669,5.039,0.042472253799445164,0.04955297242015222,phase_coarse
0.047721445021520884,9.015315031483,0.9838286999999999,4.779,4.945,0.04449709108532846,0.047721445021520884,phase_fine
0.04797268637553028,9.065315031483,1.6003180000000001,4.793,4.958,0.044758179911252804,0.04797268637553028,phase_fine
0.048224587355431246,9.115315031483,2.2406249999999996,4.807,4.971,0.04502003247381797,0.048224587355431246,phase_fine
0.04847714796122378,9.165315031483,3.113829,4.821,4.984,0.04528264877302393,0.04847714796122378,phase_fine
0.04873036819290789,9.215315031483,4.152945,4.835,4.997,0.045546028808870716,0.04873036819290789,phase_fine
0.04898424805048358,9.265315031483,5.316536,4.848,5.01,0.04579127984103694,0.04898424805048358,phase_fine
0.04923878753395083,9.315315031483,6.614008,4.861,5.023,0.04603718940122507,0.04923878753395083,phase_fine
0.04949398664330966,9.365315031483,8.100949,4.874,5.036,0.04628375748943514,0.04949398664330966,phase_fine
0.04974984537856008,9.415315031483,9.726179,4.887,5.049,0.04653098410566713,0.04974984537856008,phase_fine
0.049789266807583055,9.424777960769,9.989116,4.889,5.051,0.04656907741893555,0.049789266807583055,phase_fine
