mzi_id,arm_index,arm_name,port,scan_stage,target_power_w,voltage_v,optical_power_uW,current_mA,measured_power_w
1,0,upper,65,coarse,0.000000000000,0.000,91.024810000000,-0.034465219026,-0.000000000000
1,0,upper,65,coarse,0.001000000000,0.717,103.728700000000,1.390259300287,0.000996815918
1,0,upper,65,coarse,0.002000000000,1.014,117.584900000000,1.976154598025,0.002003820762
1,0,upper,65,coarse,0.003000000000,1.242,130.143200000000,2.424577256070,0.003011324952
1,0,upper,65,coarse,0.004000000000,1.434,140.994200000000,2.800990436181,0.004016620285
1,0,upper,65,coarse,0.005000000000,1.603,150.443800000000,3.131579403061,0.005019921783
1,0,upper,65,coarse,0.006000000000,1.756,157.476400000000,3.426163630974,0.006016343336
1,0,upper,65,coarse,0.007000000000,1.897,161.622900000000,3.701108910360,0.007021003603
1,0,upper,65,coarse,0.008000000000,2.028,163.276700000000,3.953142083130,0.008016972145
1,0,upper,65,coarse,0.009000000000,2.151,162.110900000000,4.188809465460,0.009010129160
1,0,upper,65,coarse,0.010000000000,2.267,157.777500000000,4.408111057351,0.009993187767
1,0,upper,65,coarse,0.011000000000,2.378,151.156200000000,4.617593174978,0.010980636570
1,0,upper,65,coarse,0.012000000000,2.484,142.000300000000,4.817255818341,0.011966063453
1,0,upper,65,coarse,0.013000000000,2.585,130.863700000000,5.010372145529,0.012951811996
1,0,upper,65,coarse,0.014000000000,2.683,118.259600000000,5.193668998452,0.013934613923
1,0,upper,65,coarse,0.015000000000,2.777,105.047200000000,5.367146377112,0.014904565489
1,0,upper,65,coarse,0.016000000000,2.868,90.936720000000,5.537350597684,0.015881121514
1,0,upper,65,coarse,0.017000000000,2.956,76.605680000000,5.701008502080,0.016852181132
1,0,upper,65,coarse,0.018000000000,3.042,62.224830000000,5.858120090300,0.017820401315
1,0,upper,65,coarse,0.019000000000,3.125,48.581190000000,6.011958520433,0.018787370376
1,0,upper,65,coarse,0.020000000000,3.207,35.520330000000,6.162523792477,0.019763213802
1,0,upper,65,coarse,0.021000000000,3.286,24.075470000000,6.306542748346,0.020723299471
1,0,upper,65,coarse,0.022000000000,3.363,14.588230000000,6.447288546126,0.021682231381
1,0,upper,65,coarse,0.023000000000,3.439,7.277765000000,6.584761185819,0.022644993718
1,0,upper,65,coarse,0.024000000000,3.513,2.656191000000,6.715687509336,0.023592210220
1,0,upper,65,fine,0.024406000000,3.542,1.598038000000,6.768058038743,0.023972461573
1,0,upper,65,fine,0.024506000000,3.550,1.387629000000,6.784423829182,0.024084704594
1,0,upper,65,fine,0.024606000000,3.557,1.235326000000,6.797516461534,0.024178766054
1,0,upper,65,fine,0.024706000000,3.564,1.108580000000,6.807335935798,0.024261345275
1,0,upper,65,fine,0.024806000000,3.571,1.004285000000,6.820428568149,0.024355750417
1,0,upper,65,fine,0.024906000000,3.578,0.933518800000,6.833521200501,0.024450338855
1,0,upper,65,coarse,0.025000000000,3.585,0.902046900000,6.846613832853,0.024545110591
1,0,upper,65,fine,0.025006000000,3.586,0.883124400000,6.846613832853,0.024551957205
1,0,upper,65,fine,0.025106000000,3.593,0.870563000000,6.862979623292,0.024658685786
1,0,upper,65,fine,0.025206000000,3.600,0.883969200000,6.872799097556,0.024742076751
1,0,upper,65,fine,0.025306000000,3.607,0.923555900000,6.885891729908,0.024837411470
1,0,upper,65,fine,0.025406000000,3.614,0.991307300000,6.898984362259,0.024932929485
1,0,upper,65,fine,0.025506000000,3.621,1.081989000000,6.912076994611,0.025028630797
1,0,upper,65,fine,0.025606000000,3.628,1.206716000000,6.921896468875,0.025112640389
1,0,upper,65,fine,0.025706000000,3.635,1.355657000000,6.934989101227,0.025208685383
1,0,upper,65,fine,0.025806000000,3.642,1.524487000000,6.948081733578,0.025304913674
1,0,upper,65,fine,0.025906000000,3.650,1.761675000000,6.961174365930,0.025408286436
1,0,upper,65,coarse,0.026000000000,3.656,1.985437000000,6.974266998282,0.025497920146
1,0,upper,65,fine,0.026006000000,3.657,1.990398000000,6.974266998282,0.025504894413
1,0,upper,65,fine,0.026106000000,3.664,2.265519000000,6.987359630633,0.025601685687
1,0,upper,65,fine,0.026206000000,3.671,2.267446000000,6.987359630633,0.025650597204
1,0,upper,65,fine,0.026306000000,3.678,2.872887000000,7.013544895337,0.025795818125
1,0,upper,65,fine,0.026406000000,3.685,3.219856000000,7.023364369600,0.025881097702
1,0,upper,65,coarse,0.027000000000,3.726,5.796214000000,7.098647005623,0.026449558743
1,0,upper,65,coarse,0.028000000000,3.794,11.913230000000,7.219753854876,0.027391746125
1,0,upper,65,coarse,0.029000000000,3.861,20.159520000000,7.337587546041,0.028330425515
1,0,upper,65,coarse,0.030000000000,3.927,30.182820000000,7.455421237206,0.029277439199
1,0,upper,65,coarse,0.031000000000,3.992,41.552180000000,7.569981770283,0.030219367227
1,0,upper,65,coarse,0.032000000000,4.056,54.193300000000,7.681269145273,0.031155227653
1,0,upper,65,coarse,0.033000000000,4.119,67.894500000000,7.792556520262,0.032097540307
1,0,upper,65,fine,0.033136000000,4.128,69.806440000000,7.805649152614,0.032221719702
1,0,upper,65,fine,0.033236000000,4.134,71.231600000000,7.818741784965,0.032322678539
1,0,upper,65,fine,0.033336000000,4.140,72.384700000000,7.828561259229,0.032410243613
1,0,upper,65,fine,0.033436000000,4.146,73.820760000000,7.838380733493,0.032497926521
1,0,upper,65,fine,0.033536000000,4.152,75.204550000000,7.848200207757,0.032585727263
1,0,upper,65,fine,0.033636000000,4.159,76.873410000000,7.861292840108,0.032695116922
1,0,upper,65,fine,0.033736000000,4.165,78.234660000000,7.871112314372,0.032783182789
1,0,upper,65,fine,0.033836000000,4.171,79.494700000000,7.880931788636,0.032871366490
1,0,upper,65,fine,0.033936000000,4.177,81.001750000000,7.890751262900,0.032959668025
1,0,upper,65,coarse,0.034000000000,4.181,82.299860000000,7.900570737164,0.033032286252
1,0,upper,65,fine,0.034036000000,4.183,82.561910000000,7.903843895251,0.033061779014
1,0,upper,65,fine,0.034136000000,4.189,82.486770000000,7.903843895251,0.033109202077
1,0,upper,65,fine,0.034236000000,4.195,85.240430000000,7.923482843779,0.033239010530
1,0,upper,65,fine,0.034336000000,4.202,87.033650000000,7.936575476131,0.033349490151
1,0,upper,65,fine,0.034436000000,4.208,88.320770000000,7.946394950394,0.033438429951
1,0,upper,65,fine,0.034536000000,4.214,89.759030000000,7.956214424658,0.033527487586
1,0,upper,65,fine,0.034636000000,4.220,89.950840000000,7.956214424658,0.033575224872
1,0,upper,65,fine,0.034736000000,4.226,92.628610000000,7.979126531274,0.033719788721
1,0,upper,65,fine,0.034836000000,4.232,94.248580000000,7.988946005537,0.033809219495
1,0,upper,65,fine,0.034936000000,4.238,95.606930000000,7.998765479801,0.033898768103
1,0,upper,65,coarse,0.035000000000,4.242,97.031470000000,8.005311795977,0.033958532639
1,0,upper,65,fine,0.035036000000,4.244,97.040950000000,8.008584954065,0.033988434545
1,0,upper,65,fine,0.035136000000,4.250,98.540360000000,8.021677586417,0.034092129742
1,0,upper,65,coarse,0.036000000000,4.302,111.651000000000,8.110052854791,0.034889447381
1,0,upper,65,coarse,0.037000000000,4.362,125.582300000000,8.211520755516,0.035818653536
1,0,upper,65,coarse,0.038000000000,4.420,138.593600000000,8.312988656242,0.036743409861
1,0,upper,65,coarse,0.039000000000,4.478,149.621100000000,8.411183398879,0.037665279260
1,0,upper,65,coarse,0.040000000000,4.535,158.635700000000,8.509378141517,0.038590029872
1,0,upper,65,coarse,0.041000000000,4.591,164.541600000000,8.604299726067,0.039502340042
1,0,upper,65,fine,0.041865000000,4.639,167.183200000000,8.686128678265,0.040294950938
1,0,upper,65,fine,0.041965000000,4.645,167.347900000000,8.695948152529,0.040392679168
1,0,upper,65,coarse,0.042000000000,4.647,167.980400000000,8.699221310616,0.040425281430
1,0,upper,65,fine,0.042065000000,4.650,167.372300000000,8.705767626792,0.040481819465
1,0,upper,65,fine,0.042165000000,4.656,167.614200000000,8.715587101056,0.040579773543
1,0,upper,65,fine,0.042265000000,4.662,167.702600000000,8.725406575320,0.040677845454
1,0,upper,65,fine,0.042365000000,4.667,167.857100000000,8.731952891496,0.040752024145
1,0,upper,65,fine,0.042465000000,4.673,167.855900000000,8.745045523847,0.040865597733
1,0,upper,65,fine,0.042565000000,4.678,167.925700000000,8.751591840023,0.040939946628
1,0,upper,65,fine,0.042665000000,4.684,168.080200000000,8.761411314287,0.041038450596
1,0,upper,65,fine,0.042765000000,4.689,168.005500000000,8.771230788551,0.041128301168
1,0,upper,65,fine,0.042865000000,4.695,167.985200000000,8.781050262815,0.041227030984
1,0,upper,65,fine,0.042965000000,4.700,167.874600000000,8.787596578990,0.041301703921
1,0,upper,65,coarse,0.043000000000,4.702,167.906100000000,8.699221310616,0.040903738603
1,0,upper,65,fine,0.043065000000,4.705,167.937300000000,8.797416053254,0.041391842531
1,0,upper,65,fine,0.043165000000,4.711,167.667500000000,8.807235527518,0.041490886570
1,0,upper,65,fine,0.043265000000,4.716,167.219900000000,8.817055001782,0.041581231388
1,0,upper,65,fine,0.043365000000,4.722,167.335100000000,8.826874476045,0.041680501276
1,0,upper,65,fine,0.043465000000,4.727,167.033800000000,8.833420792221,0.041755580085
1,0,upper,65,fine,0.043565000000,4.733,166.662300000000,8.843240266485,0.041855056181
1,0,upper,65,fine,0.043665000000,4.738,166.682300000000,8.853059740749,0.041945797052
1,0,upper,65,fine,0.043765000000,4.744,166.365500000000,8.862879215013,0.042045498996
1,0,upper,65,fine,0.043865000000,4.749,166.126800000000,8.872698689276,0.042136446075
1,0,upper,65,coarse,0.044000000000,4.756,165.963500000000,8.882518163540,0.042245256386
1,0,upper,65,coarse,0.045000000000,4.810,161.385900000000,8.974166590002,0.043165741298
1,0,upper,65,coarse,0.046000000000,4.863,154.508700000000,9.062541858376,0.044071141057
1,0,upper,65,coarse,0.047000000000,4.916,145.734900000000,9.150917126750,0.044985908595
1,0,upper,65,coarse,0.048000000000,4.968,135.092600000000,9.236019237036,0.045884543570
1,0,upper,65,coarse,0.049000000000,5.019,123.303900000000,9.324394505410,0.046799136023
1,0,upper,65,coarse,0.050000000000,5.070,109.881200000000,9.406223457608,0.047689552930
1,0,upper,65,coarse,0.051000000000,5.121,95.282040000000,9.491325567894,0.048605078233
1,0,upper,65,coarse,0.052000000000,5.171,80.174080000000,9.573154520092,0.049502782023
1,0,upper,65,coarse,0.053000000000,5.220,65.237870000000,9.654983472290,0.050399013725
1,0,upper,65,coarse,0.054000000000,5.269,50.501450000000,9.733539266400,0.051286018395
1,0,upper,65,coarse,0.055000000000,5.318,36.683840000000,9.815368218598,0.052198128187
1,0,upper,65,coarse,0.056000000000,5.366,24.908480000000,9.893924012708,0.053090796252
1,0,upper,65,coarse,0.057000000000,5.413,15.304390000000,9.969206648730,0.053963315590
1,0,upper,65,coarse,0.058000000000,5.461,7.917350000000,10.047762442840,0.054870830700
1,0,upper,65,coarse,0.059000000000,5.508,3.135104000000,10.123045078862,0.055757732294
1,0,upper,65,coarse,0.060000000000,5.554,0.883963900000,10.198327714885,0.056641512128
