mzi_id,arm_index,arm_name,port,scan_stage,target_power_w,voltage_v,optical_power_uW,current_mA,measured_power_w
11,0,upper,74,coarse,0.000000000000,0.000,127.845900000000,-0.029433924792,-0.000000000000
11,0,upper,74,coarse,0.001000000000,0.716,134.370900000000,1.390623650624,0.000995686534
11,0,upper,74,coarse,0.002000000000,1.013,139.186500000000,1.979792106450,0.002005529404
11,0,upper,74,coarse,0.003000000000,1.241,142.042600000000,2.428214764496,0.003013414523
11,0,upper,74,coarse,0.004000000000,1.433,142.487700000000,2.804627944607,0.004019031845
11,0,upper,74,coarse,0.005000000000,1.602,140.536000000000,3.135216911487,0.005022617492
11,0,upper,74,coarse,0.006000000000,1.755,135.983600000000,3.433074297488,0.006025045392
11,0,upper,74,coarse,0.007000000000,1.895,128.945700000000,3.701473260697,0.007014291829
11,0,upper,74,coarse,0.008000000000,2.026,119.720600000000,3.956779591555,0.008016435452
11,0,upper,74,coarse,0.009000000000,2.149,108.033300000000,4.189173815798,0.009002534530
11,0,upper,74,coarse,0.010000000000,2.266,94.976050000000,4.415021723864,0.010004439226
11,0,upper,74,coarse,0.011000000000,2.376,81.384820000000,4.624503841491,0.010987821127
11,0,upper,74,coarse,0.012000000000,2.482,67.541050000000,4.824166484854,0.011973581215
11,0,upper,74,coarse,0.013000000000,2.583,54.303970000000,5.014009653954,0.012951186936
11,0,upper,74,coarse,0.014000000000,2.681,41.697160000000,5.197306506878,0.013933978745
11,0,upper,74,coarse,0.015000000000,2.775,30.362950000000,5.374057043625,0.014913008296
11,0,upper,74,coarse,0.016000000000,2.866,20.603350000000,5.544261264197,0.015889852783
11,0,upper,74,coarse,0.017000000000,2.954,12.455650000000,5.707919168593,0.016861193224
11,0,upper,74,coarse,0.018000000000,3.040,6.167089000000,5.868303914902,0.017839643901
11,0,upper,74,coarse,0.019000000000,3.123,2.016706000000,6.018869186946,0.018796928471
11,0,upper,74,coarse,0.020000000000,3.204,0.112244700000,6.166161300902,0.019756380808
11,0,upper,74,coarse,0.021000000000,3.283,0.639483600000,6.313453414859,0.020727067561
11,0,upper,74,coarse,0.022000000000,3.360,3.639885000000,6.450926054552,0.021675111543
11,0,upper,74,coarse,0.023000000000,3.436,9.135404000000,6.591671852332,0.022648984485
11,0,upper,74,coarse,0.024000000000,3.510,16.802700000000,6.722598175849,0.023596319597
11,0,upper,74,coarse,0.025000000000,3.582,26.242050000000,6.853524499366,0.024549324757
11,0,upper,74,coarse,0.026000000000,3.653,37.118350000000,6.981177664795,0.025502242009
11,0,upper,74,coarse,0.027000000000,3.723,49.024380000000,7.105557672136,0.026453991213
11,0,upper,74,coarse,0.028000000000,3.791,61.053210000000,7.226664521389,0.027396285201
11,0,upper,74,fine,0.028021000000,3.792,61.467060000000,7.229937679477,0.027415923681
11,0,upper,74,fine,0.028121000000,3.799,62.764540000000,7.243030311829,0.027516272155
11,0,upper,74,fine,0.028221000000,3.806,63.982170000000,7.256122944180,0.027616803926
11,0,upper,74,fine,0.028321000000,3.813,65.278230000000,7.265942418444,0.027705038442
11,0,upper,74,fine,0.028421000000,3.819,66.480540000000,7.279035050796,0.027798634859
11,0,upper,74,fine,0.028521000000,3.826,67.672280000000,7.292127683148,0.027899680516
11,0,upper,74,fine,0.028621000000,3.833,69.112260000000,7.301947157411,0.027988363454
11,0,upper,74,fine,0.028721000000,3.839,70.114950000000,7.311766631675,0.028069872099
11,0,upper,74,fine,0.028821000000,3.846,71.383230000000,7.324859264027,0.028171408729
11,0,upper,74,fine,0.028921000000,3.853,72.833390000000,7.337951896378,0.028273128657
11,0,upper,74,coarse,0.029000000000,3.858,73.616730000000,7.347771370642,0.028347701948
11,0,upper,74,fine,0.029021000000,3.859,73.967490000000,7.347771370642,0.028355049719
11,0,upper,74,fine,0.029121000000,3.866,75.024000000000,7.360864002994,0.028457100236
11,0,upper,74,fine,0.029221000000,3.873,76.507590000000,7.373956635346,0.028559334049
11,0,upper,74,fine,0.029321000000,3.879,77.508760000000,7.383776109609,0.028641667529
11,0,upper,74,fine,0.029421000000,3.886,78.927000000000,7.396868741961,0.028744231931
11,0,upper,74,fine,0.029521000000,3.893,78.985480000000,7.396868741961,0.028796010012
11,0,upper,74,fine,0.029621000000,3.899,81.283600000000,7.419780848577,0.028929725529
11,0,upper,74,fine,0.029721000000,3.906,82.621230000000,7.432873480928,0.029032803817
11,0,upper,74,fine,0.029821000000,3.912,83.728240000000,7.442692955192,0.029115814841
11,0,upper,74,fine,0.029921000000,3.919,85.093210000000,7.455785587544,0.029219223718
11,0,upper,74,coarse,0.030000000000,3.924,86.019460000000,7.462331903719,0.029282190390
11,0,upper,74,fine,0.030021000000,3.925,86.156190000000,7.465605061807,0.029302499868
11,0,upper,74,coarse,0.031000000000,3.989,97.943300000000,7.576892436797,0.030224223930
11,0,upper,74,coarse,0.032000000000,4.053,108.895100000000,7.691452969874,0.031173458887
11,0,upper,74,coarse,0.033000000000,4.116,119.179600000000,7.802740344863,0.032116079259
11,0,upper,74,coarse,0.034000000000,4.177,127.788600000000,7.907481403677,0.033029549823
11,0,upper,74,coarse,0.035000000000,4.238,134.859000000000,8.012222462490,0.033955798796
11,0,upper,74,coarse,0.036000000000,4.299,139.939300000000,8.120236679392,0.034908897485
11,0,upper,74,fine,0.036675000000,4.339,141.846800000000,8.188972999238,0.035531953844
11,0,upper,74,fine,0.036775000000,4.345,142.171300000000,8.198792473502,0.035623753297
11,0,upper,74,fine,0.036875000000,4.350,142.115800000000,8.208611947766,0.035707461973
11,0,upper,74,fine,0.036975000000,4.356,142.355800000000,8.218431422029,0.035799487274
11,0,upper,74,coarse,0.037000000000,4.358,142.123300000000,8.221704580117,0.035830188560
11,0,upper,74,fine,0.037075000000,4.362,142.494700000000,8.228250896293,0.035891630410
11,0,upper,74,fine,0.037175000000,4.368,142.781200000000,8.238070370557,0.035983891379
11,0,upper,74,fine,0.037275000000,4.374,142.519800000000,8.251163002909,0.036090586975
11,0,upper,74,fine,0.037375000000,4.380,142.863200000000,8.260982477172,0.036183103250
11,0,upper,74,fine,0.037475000000,4.386,142.655600000000,8.270801951436,0.036275737359
11,0,upper,74,fine,0.037575000000,4.392,142.328000000000,8.280621425700,0.036368489302
11,0,upper,74,fine,0.037675000000,4.397,142.704900000000,8.287167741876,0.036438676561
11,0,upper,74,fine,0.037775000000,4.403,142.611200000000,8.300260374227,0.036546046428
11,0,upper,74,fine,0.037875000000,4.409,142.658800000000,8.310079848491,0.036639142052
11,0,upper,74,fine,0.037975000000,4.415,142.261900000000,8.319899322755,0.036732355510
11,0,upper,74,coarse,0.038000000000,4.416,142.591800000000,8.319899322755,0.036740675409
11,0,upper,74,fine,0.038075000000,4.421,142.435000000000,8.329718797019,0.036825686802
11,0,upper,74,fine,0.038175000000,4.427,142.023800000000,8.339538271283,0.036919135927
11,0,upper,74,fine,0.038275000000,4.432,141.743000000000,8.349357745546,0.037004353528
11,0,upper,74,fine,0.038375000000,4.438,141.735600000000,8.359177219810,0.037098028502
11,0,upper,74,fine,0.038475000000,4.444,141.187000000000,8.368996694074,0.037191821308
11,0,upper,74,fine,0.038575000000,4.450,141.141800000000,8.382089326426,0.037300297503
11,0,upper,74,fine,0.038675000000,4.455,140.862600000000,8.388635642601,0.037371371788
11,0,upper,74,coarse,0.039000000000,4.474,139.592800000000,8.421367223481,0.037677196958
11,0,upper,74,coarse,0.040000000000,4.531,134.619500000000,8.519561966118,0.038602135268
11,0,upper,74,coarse,0.041000000000,4.587,127.273400000000,8.614483550668,0.039514636047
11,0,upper,74,coarse,0.042000000000,4.643,118.303500000000,8.709405135218,0.040437768043
11,0,upper,74,coarse,0.043000000000,4.698,108.105100000000,8.801053561680,0.041347349633
11,0,upper,74,coarse,0.044000000000,4.752,96.953770000000,8.892701988141,0.042258119848
11,0,upper,74,coarse,0.045000000000,4.806,84.946490000000,8.984350414603,0.043178788093
11,0,upper,74,coarse,0.046000000000,4.859,84.969400000000,8.984350414603,0.043654958665
11,0,upper,74,coarse,0.047000000000,4.912,60.933020000000,9.164374109439,0.045015405626
11,0,upper,74,coarse,0.048000000000,4.964,49.153280000000,9.249476219725,0.045914399955
11,0,upper,74,coarse,0.049000000000,5.015,38.052110000000,9.334578330011,0.046812910325
11,0,upper,74,coarse,0.050000000000,5.066,27.701620000000,9.419680440297,0.047720101111
11,0,upper,74,coarse,0.051000000000,5.116,27.721030000000,9.419680440297,0.048191085133
11,0,upper,74,coarse,0.052000000000,5.166,11.132620000000,9.586611502781,0.049524435023
11,0,upper,74,coarse,0.053000000000,5.216,5.314005000000,9.668440454979,0.050430585413
11,0,upper,74,fine,0.053983000000,5.264,1.629306000000,9.746996249089,0.051308188255
11,0,upper,74,coarse,0.054000000000,5.265,1.595864000000,9.746996249089,0.051317935251
11,0,upper,74,fine,0.054083000000,5.269,1.379232000000,9.756815723353,0.051408662046
11,0,upper,74,fine,0.054183000000,5.274,1.131984000000,9.763362039529,0.051491971396
11,0,upper,74,fine,0.054283000000,5.278,0.956562000000,9.769908355704,0.051565576301
11,0,upper,74,fine,0.054383000000,5.283,0.767970400000,9.776454671880,0.051649010032
11,0,upper,74,fine,0.054483000000,5.288,0.589679100000,9.786274146144,0.051749817685
11,0,upper,74,fine,0.054583000000,5.293,0.433279100000,9.796093620408,0.051850723533
11,0,upper,74,fine,0.054683000000,5.298,0.311345300000,9.802639936584,0.051934386384
11,0,upper,74,fine,0.054783000000,5.303,0.311637200000,9.802639936584,0.051983399584
11,0,upper,74,fine,0.054883000000,5.308,0.120846500000,9.819005727023,0.052119282399
11,0,upper,74,fine,0.054983000000,5.312,0.072253260000,9.825552043199,0.052193332453
11,0,upper,74,coarse,0.055000000000,5.313,0.066666830000,9.825552043199,0.052203158006
11,0,upper,74,fine,0.055083000000,5.317,0.035566630000,9.835371517463,0.052294670358
11,0,upper,74,fine,0.055183000000,5.322,0.019840550000,9.841917833639,0.052378686711
11,0,upper,74,fine,0.055283000000,5.327,0.028998100000,9.851737307902,0.052480204639
11,0,upper,74,fine,0.055383000000,5.332,0.059591830000,9.858283624078,0.052564368284
11,0,upper,74,fine,0.055483000000,5.336,0.102356300000,9.864829940254,0.052638732561
11,0,upper,74,fine,0.055583000000,5.341,0.178638400000,9.874649414518,0.052740502523
11,0,upper,74,fine,0.055683000000,5.346,0.272313200000,9.881195730694,0.052824872376
11,0,upper,74,fine,0.055783000000,5.351,0.397714000000,9.887742046870,0.052909307693
11,0,upper,74,fine,0.055883000000,5.356,0.546948400000,9.897561521133,0.053011339507
11,0,upper,74,fine,0.055983000000,5.360,0.680752100000,9.904107837309,0.053086018008
11,0,upper,74,coarse,0.056000000000,5.361,0.698594200000,9.904107837309,0.053095922116
11,0,upper,74,coarse,0.057000000000,5.409,3.486284000000,9.982663631419,0.053996227582
11,0,upper,74,coarse,0.058000000000,5.456,8.216515000000,10.061219425529,0.054894013186
11,0,upper,74,coarse,0.059000000000,5.503,14.740580000000,10.136502061552,0.055781170845
11,0,upper,74,coarse,0.060000000000,5.549,22.787870000000,10.211784697574,0.056665193287
