mzi_id,arm_index,arm_name,port,scan_stage,target_power_w,voltage_v,optical_power_uW,current_mA,measured_power_w
16,1,lower,18,coarse,0.000000000000,0.000,131.714100000000,-0.026784083669,-0.000000000000
16,1,lower,18,coarse,0.001000000000,0.714,138.429000000000,1.398794313618,0.000998739140
16,1,lower,18,coarse,0.002000000000,1.009,142.700400000000,1.984689611356,0.002002551818
16,1,lower,18,coarse,0.003000000000,1.236,144.747300000000,2.436385427489,0.003011372388
16,1,lower,18,coarse,0.004000000000,1.427,144.236500000000,2.812798607600,0.004013863613
16,1,lower,18,coarse,0.005000000000,1.596,141.258500000000,3.146660732568,0.005022070529
16,1,lower,18,coarse,0.006000000000,1.748,135.619100000000,3.444518118569,0.006021017671
16,1,lower,18,coarse,0.007000000000,1.888,127.727100000000,3.716190239866,0.007016167173
16,1,lower,18,coarse,0.008000000000,2.019,117.835500000000,3.968223412636,0.008011843070
16,1,lower,18,coarse,0.009000000000,2.141,106.615600000000,4.207163953055,0.009007538023
16,1,lower,18,coarse,0.010000000000,2.257,93.883870000000,4.429738703033,0.009997920253
16,1,lower,18,coarse,0.011000000000,2.367,80.932750000000,4.639220820660,0.010981035683
16,1,lower,18,coarse,0.012000000000,2.472,67.691170000000,4.838883464024,0.011961719923
16,1,lower,18,coarse,0.013000000000,2.573,54.822970000000,5.031999791211,0.012947335463
16,1,lower,18,coarse,0.014000000000,2.670,42.651670000000,5.215296644135,0.013924842040
16,1,lower,18,coarse,0.015000000000,2.764,31.298180000000,5.392047180882,0.014903618408
16,1,lower,18,coarse,0.016000000000,2.855,21.219450000000,5.562251401454,0.015880227751
16,1,lower,18,coarse,0.017000000000,2.943,12.829470000000,5.725909305850,0.016851351087
16,1,lower,18,coarse,0.018000000000,3.028,6.354429000000,5.886294052159,0.017823698390
16,1,lower,18,coarse,0.019000000000,3.111,2.051796000000,6.040132482291,0.018790852152
16,1,lower,18,coarse,0.020000000000,3.192,0.156089100000,6.190697754335,0.019760707232
16,1,lower,18,coarse,0.021000000000,3.270,0.803649000000,6.334716710204,0.020714523642
16,1,lower,18,coarse,0.022000000000,3.347,3.975726000000,6.475462507985,0.021673373014
16,1,lower,18,coarse,0.023000000000,3.423,9.601228000000,6.612935147677,0.022636077010
16,1,lower,18,coarse,0.024000000000,3.496,17.255410000000,6.747134629282,0.023587982664
16,1,lower,18,coarse,0.025000000000,3.568,26.584120000000,6.878060952799,0.024540921480
16,1,lower,18,coarse,0.026000000000,3.639,37.658280000000,7.005714118228,0.025493793676
16,1,lower,18,coarse,0.027000000000,3.708,49.363640000000,7.130094125569,0.026438389018
16,1,lower,18,fine,0.027986000000,3.775,61.755740000000,7.251200974822,0.027373283680
16,1,lower,18,coarse,0.028000000000,3.776,61.811220000000,7.251200974822,0.027380534881
16,1,lower,18,fine,0.028086000000,3.782,63.147830000000,7.264293607174,0.027473558422
16,1,lower,18,fine,0.028186000000,3.789,64.239020000000,7.274113081438,0.027561614466
16,1,lower,18,fine,0.028286000000,3.796,65.654210000000,7.287205713789,0.027662232890
16,1,lower,18,fine,0.028386000000,3.802,66.755300000000,7.297025188053,0.027743289765
16,1,lower,18,fine,0.028486000000,3.809,68.067190000000,7.310117820405,0.027844238778
16,1,lower,18,fine,0.028586000000,3.816,69.554270000000,7.323210452756,0.027945371088
16,1,lower,18,fine,0.028686000000,3.822,70.605590000000,7.333029927020,0.028026840381
16,1,lower,18,fine,0.028786000000,3.829,71.967010000000,7.346122559372,0.028128303280
16,1,lower,18,fine,0.028886000000,3.836,73.314870000000,7.359215191723,0.028229949475
16,1,lower,18,fine,0.028986000000,3.842,74.434520000000,7.369034665987,0.028311831187
16,1,lower,18,coarse,0.029000000000,3.843,74.678570000000,7.372307824075,0.028331778968
16,1,lower,18,fine,0.029086000000,3.849,75.757130000000,7.382127298339,0.028413807971
16,1,lower,18,fine,0.029186000000,3.856,77.089400000000,7.395219930691,0.028515968053
16,1,lower,18,fine,0.029286000000,3.862,78.247050000000,7.405039404954,0.028598262182
16,1,lower,18,fine,0.029386000000,3.869,79.651830000000,7.418132037306,0.028700752852
16,1,lower,18,fine,0.029486000000,3.875,80.794790000000,7.427951511570,0.028783312107
16,1,lower,18,fine,0.029586000000,3.882,82.237110000000,7.441044143922,0.028886133367
16,1,lower,18,fine,0.029686000000,3.888,83.273380000000,7.450863618185,0.028968957748
16,1,lower,18,fine,0.029786000000,3.895,83.399110000000,7.450863618185,0.029021113793
16,1,lower,18,fine,0.029886000000,3.902,85.903320000000,7.477048882889,0.029175444741
16,1,lower,18,fine,0.029986000000,3.908,87.217330000000,7.486868357152,0.029258681540
16,1,lower,18,coarse,0.030000000000,3.909,87.403760000000,7.490141515240,0.029278963183
16,1,lower,18,coarse,0.031000000000,3.974,99.665200000000,7.604702048318,0.030221085940
16,1,lower,18,coarse,0.032000000000,4.037,111.317300000000,7.715989423307,0.031149449302
16,1,lower,18,coarse,0.033000000000,4.100,121.582900000000,7.827276798296,0.032091834873
16,1,lower,18,coarse,0.034000000000,4.161,130.677200000000,7.935291015198,0.033018745914
16,1,lower,18,coarse,0.035000000000,4.222,137.475600000000,8.040032074011,0.033945015416
16,1,lower,18,coarse,0.036000000000,4.282,142.681400000000,8.144773132825,0.034875918555
16,1,lower,18,fine,0.036684000000,4.323,144.439100000000,8.216782610759,0.035521151226
16,1,lower,18,fine,0.036784000000,4.328,144.645500000000,8.226602085023,0.035604733824
16,1,lower,18,fine,0.036884000000,4.334,144.755300000000,8.236421559287,0.035696651038
16,1,lower,18,fine,0.036984000000,4.340,144.682600000000,8.246241033550,0.035788686086
16,1,lower,18,coarse,0.037000000000,4.341,145.004800000000,8.249514191638,0.035811141106
16,1,lower,18,fine,0.037084000000,4.346,144.990000000000,8.259333665902,0.035895064112
16,1,lower,18,fine,0.037184000000,4.352,145.056900000000,8.269153140166,0.035987354466
16,1,lower,18,fine,0.037284000000,4.358,145.191100000000,8.278972614430,0.036079762654
16,1,lower,18,fine,0.037384000000,4.364,145.239100000000,8.288792088693,0.036172288675
16,1,lower,18,fine,0.037484000000,4.369,145.073900000000,8.298611562957,0.036256633919
16,1,lower,18,fine,0.037584000000,4.375,145.318500000000,8.308431037221,0.036349385788
16,1,lower,18,fine,0.037684000000,4.381,145.169700000000,8.318250511485,0.036442255491
16,1,lower,18,fine,0.037784000000,4.387,145.148200000000,8.328069985748,0.036535243027
16,1,lower,18,fine,0.037884000000,4.393,144.964800000000,8.337889460012,0.036628348398
16,1,lower,18,fine,0.037984000000,4.398,144.995700000000,8.347708934276,0.036713223893
16,1,lower,18,coarse,0.038000000000,4.399,144.924600000000,8.350982092364,0.036735970224
16,1,lower,18,fine,0.038084000000,4.404,144.853600000000,8.357528408540,0.036806555111
16,1,lower,18,fine,0.038184000000,4.410,144.543500000000,8.370621040891,0.036914438790
16,1,lower,18,fine,0.038284000000,4.416,144.503500000000,8.380440515155,0.037008025315
16,1,lower,18,fine,0.038384000000,4.422,144.134100000000,8.390259989419,0.037101729673
16,1,lower,18,fine,0.038484000000,4.427,143.867800000000,8.400079463683,0.037187151786
16,1,lower,18,fine,0.038584000000,4.433,143.847900000000,8.409898937946,0.037281081992
16,1,lower,18,fine,0.038684000000,4.439,143.448500000000,8.419718412210,0.037375130032
16,1,lower,18,coarse,0.039000000000,4.457,142.416000000000,8.449176835001,0.037657981154
16,1,lower,18,coarse,0.040000000000,4.514,137.747800000000,8.550644735727,0.038597610337
16,1,lower,18,coarse,0.041000000000,4.570,131.088700000000,8.645566320277,0.039510238084
16,1,lower,18,coarse,0.042000000000,4.625,122.890700000000,8.737214746739,0.040409618204
16,1,lower,18,coarse,0.043000000000,4.680,112.782300000000,8.832136331288,0.041334398030
16,1,lower,18,coarse,0.044000000000,4.734,101.707200000000,8.923784757750,0.042245197043
16,1,lower,18,coarse,0.045000000000,4.787,90.093180000000,9.015433184212,0.043156878653
16,1,lower,18,coarse,0.046000000000,4.840,77.663570000000,9.103808452586,0.044062432911
16,1,lower,18,coarse,0.047000000000,4.893,64.883420000000,9.195456879048,0.044993370509
16,1,lower,18,coarse,0.048000000000,4.944,52.617330000000,9.280558989334,0.045883083643
16,1,lower,18,coarse,0.049000000000,4.996,40.485550000000,9.368934257708,0.046807195552
16,1,lower,18,coarse,0.050000000000,5.046,29.687540000000,9.450763209906,0.047688551157
16,1,lower,18,coarse,0.051000000000,5.097,19.848830000000,9.535865320192,0.048604305537
16,1,lower,18,coarse,0.052000000000,5.146,11.911470000000,9.617694272390,0.049492654726
16,1,lower,18,coarse,0.053000000000,5.196,5.761518000000,9.699523224588,0.050398722675
16,1,lower,18,coarse,0.054000000000,5.244,1.902017000000,9.781352176786,0.051293410815
16,1,lower,18,fine,0.054079000000,5.248,1.674584000000,9.787898492962,0.051366891291
16,1,lower,18,fine,0.054179000000,5.253,1.425622000000,9.794444809137,0.051450218582
16,1,lower,18,fine,0.054279000000,5.258,1.180024000000,9.804264283401,0.051550821602
16,1,lower,18,fine,0.054379000000,5.263,0.957215700000,9.810810599577,0.051634296186
16,1,lower,18,fine,0.054479000000,5.268,0.774732400000,9.820630073841,0.051735079229
16,1,lower,18,fine,0.054579000000,5.272,0.636877800000,9.827176390017,0.051808873928
16,1,lower,18,fine,0.054679000000,5.277,0.485298200000,9.833722706192,0.051892554721
16,1,lower,18,fine,0.054779000000,5.282,0.355562800000,9.843542180456,0.051993589797
16,1,lower,18,fine,0.054879000000,5.287,0.258019300000,9.850088496632,0.052077417882
16,1,lower,18,fine,0.054979000000,5.292,0.177148100000,9.859907970896,0.052178632982
16,1,lower,18,coarse,0.055000000000,5.293,0.161888200000,9.859907970896,0.052188492890
16,1,lower,18,fine,0.055079000000,5.297,0.121717300000,9.866454287072,0.052262608359
16,1,lower,18,fine,0.055179000000,5.301,0.095410190000,9.873000603247,0.052336776198
16,1,lower,18,fine,0.055279000000,5.306,0.084329070000,9.882820077511,0.052438243331
16,1,lower,18,fine,0.055379000000,5.311,0.096502210000,9.889366393687,0.052522424917
16,1,lower,18,fine,0.055479000000,5.316,0.133816100000,9.899185867951,0.052624072074
16,1,lower,18,fine,0.055579000000,5.321,0.190517800000,9.905732184127,0.052708400952
16,1,lower,18,fine,0.055679000000,5.325,0.255836100000,9.912278500303,0.052782883014
16,1,lower,18,fine,0.055779000000,5.330,0.360956700000,9.922097974566,0.052884782204
16,1,lower,18,fine,0.055879000000,5.335,0.481419600000,9.928644290742,0.052969317291
16,1,lower,18,fine,0.055979000000,5.340,0.635151400000,9.938463765006,0.053071396505
16,1,lower,18,coarse,0.056000000000,5.341,0.679354500000,9.938463765006,0.053081334969
16,1,lower,18,fine,0.056079000000,5.344,0.770689400000,9.945010081182,0.053146133874
16,1,lower,18,coarse,0.057000000000,5.388,3.276703000000,10.017019559116,0.053971701385
16,1,lower,18,coarse,0.058000000000,5.435,7.899463000000,10.092302195138,0.054851662431
16,1,lower,18,coarse,0.059000000000,5.482,14.486620000000,10.170857989248,0.055756643497
16,1,lower,18,coarse,0.060000000000,5.528,22.585360000000,10.246140625271,0.056640665376
