mzi_id,arm_index,arm_name,port,scan_stage,target_power_w,voltage_v,optical_power_uW,current_mA,measured_power_w
18,0,upper,83,coarse,0.000000000000,0.000,150.637900000000,-0.053403660458,-0.000000000000
18,0,upper,83,coarse,0.001000000000,0.720,154.119300000000,1.366046911464,0.000983553776
18,0,upper,83,coarse,0.002000000000,1.019,154.605600000000,1.955215367290,0.001992364459
18,0,upper,83,coarse,0.003000000000,1.248,152.383800000000,2.406911183423,0.003003825157
18,0,upper,83,coarse,0.004000000000,1.441,146.888500000000,2.783324363534,0.004010770408
18,0,upper,83,coarse,0.005000000000,1.611,138.854000000000,3.113913330414,0.005016514375
18,0,upper,83,coarse,0.006000000000,1.765,127.843400000000,3.411770716415,0.006021775314
18,0,upper,83,coarse,0.007000000000,1.906,115.173400000000,3.683442837713,0.007020642049
18,0,upper,83,coarse,0.008000000000,2.038,100.655300000000,3.935476010483,0.008020500109
18,0,upper,83,coarse,0.009000000000,2.161,86.140770000000,4.167870234725,0.009006767577
18,0,upper,83,coarse,0.010000000000,2.278,71.276480000000,4.390444984704,0.010001433675
18,0,upper,83,coarse,0.011000000000,2.389,56.968370000000,4.599927102331,0.010989225847
18,0,upper,83,coarse,0.012000000000,2.496,43.843850000000,4.802862903782,0.011987945808
18,0,upper,83,coarse,0.013000000000,2.598,31.880970000000,4.992706072882,0.012971050377
18,0,upper,83,coarse,0.014000000000,2.696,21.650700000000,5.176002925805,0.013954503888
18,0,upper,83,coarse,0.015000000000,2.790,13.185750000000,5.352753462553,0.014934182161
18,0,upper,83,coarse,0.016000000000,2.882,6.677247000000,5.522957683125,0.015917164043
18,0,upper,83,coarse,0.017000000000,2.970,2.504862000000,5.683342429433,0.016879527015
18,0,upper,83,coarse,0.018000000000,3.057,0.805040700000,5.843727175741,0.017864273976
18,0,upper,83,coarse,0.019000000000,3.140,1.874985000000,5.997565605874,0.018832356002
18,0,upper,83,coarse,0.020000000000,3.222,5.800577000000,6.148130877918,0.019809277689
18,0,upper,83,coarse,0.021000000000,3.301,12.353220000000,6.288876675699,0.020759581906
18,0,upper,83,coarse,0.022000000000,3.379,21.456530000000,6.429622473479,0.021725694338
18,0,upper,83,coarse,0.023000000000,3.455,32.523550000000,6.567095113172,0.022689313616
18,0,upper,83,coarse,0.024000000000,3.529,44.941970000000,6.701294594777,0.023648868625
18,0,upper,83,coarse,0.025000000000,3.602,58.359430000000,6.832220918294,0.024609659748
18,0,upper,83,fine,0.025645000000,3.648,67.414560000000,6.914049870492,0.025222453928
18,0,upper,83,fine,0.025745000000,3.655,68.626800000000,6.927142502843,0.025318705848
18,0,upper,83,fine,0.025845000000,3.663,70.252180000000,6.940235135195,0.025422081300
18,0,upper,83,fine,0.025945000000,3.670,71.448220000000,6.953327767547,0.025518712907
18,0,upper,83,coarse,0.026000000000,3.674,72.333630000000,6.959874083723,0.025570577384
18,0,upper,83,fine,0.026045000000,3.677,72.993400000000,6.966420399898,0.025615527810
18,0,upper,83,fine,0.026145000000,3.684,74.211860000000,6.979513032250,0.025712526011
18,0,upper,83,fine,0.026245000000,3.691,75.574700000000,6.992605664602,0.025809707508
18,0,upper,83,fine,0.026345000000,3.698,76.893920000000,7.002425138866,0.025894968164
18,0,upper,83,fine,0.026445000000,3.705,78.226030000000,7.015517771217,0.025992493342
18,0,upper,83,fine,0.026545000000,3.712,79.708640000000,7.028610403569,0.026090201818
18,0,upper,83,fine,0.026645000000,3.719,81.117390000000,7.041703035921,0.026188093591
18,0,upper,83,fine,0.026745000000,3.726,82.433950000000,7.054795668272,0.026286168660
18,0,upper,83,fine,0.026845000000,3.733,82.382980000000,7.054795668272,0.026335552230
18,0,upper,83,fine,0.026945000000,3.740,85.083130000000,7.077707774888,0.026470627078
18,0,upper,83,coarse,0.027000000000,3.744,85.950630000000,7.084254091064,0.026523447317
18,0,upper,83,fine,0.027045000000,3.747,86.264030000000,7.090800407239,0.026569229126
18,0,upper,83,fine,0.027145000000,3.754,87.734820000000,7.103893039591,0.026668014471
18,0,upper,83,fine,0.027245000000,3.760,88.972420000000,7.113712513855,0.026747559052
18,0,upper,83,fine,0.027345000000,3.767,90.346960000000,7.126805146207,0.026846674986
18,0,upper,83,fine,0.027445000000,3.774,91.625460000000,7.139897778558,0.026945974216
18,0,upper,83,fine,0.027545000000,3.781,93.024880000000,7.149717252822,0.027033080933
18,0,upper,83,fine,0.027645000000,3.788,94.446240000000,7.162809885174,0.027132723845
18,0,upper,83,coarse,0.028000000000,3.812,98.966050000000,7.205360940317,0.027466835904
18,0,upper,83,coarse,0.029000000000,3.880,111.502100000000,7.323194631482,0.028413995170
18,0,upper,83,coarse,0.030000000000,3.946,122.809800000000,7.441028322647,0.029362297761
18,0,upper,83,coarse,0.031000000000,4.011,132.645700000000,7.555588855724,0.030305466900
18,0,upper,83,coarse,0.032000000000,4.075,140.767300000000,7.666876230714,0.031242520640
18,0,upper,83,coarse,0.033000000000,4.139,147.047400000000,7.778163605703,0.032193819164
18,0,upper,83,coarse,0.034000000000,4.201,150.515300000000,7.882904664517,0.033116082496
18,0,upper,83,fine,0.034212000000,4.214,151.030900000000,7.909089929220,0.033328904962
18,0,upper,83,fine,0.034312000000,4.220,151.239100000000,7.918909403484,0.033417797683
18,0,upper,83,fine,0.034412000000,4.226,151.298400000000,7.928728877747,0.033506808237
18,0,upper,83,fine,0.034512000000,4.232,151.578700000000,7.938548352011,0.033595936626
18,0,upper,83,fine,0.034612000000,4.238,151.423400000000,7.948367826275,0.033685182848
18,0,upper,83,fine,0.034712000000,4.245,151.687600000000,7.961460458627,0.033796399647
18,0,upper,83,fine,0.034812000000,4.251,151.735400000000,7.971279932890,0.033885910995
18,0,upper,83,fine,0.034912000000,4.257,151.645700000000,7.981099407154,0.033975540176
18,0,upper,83,coarse,0.035000000000,4.262,151.765400000000,7.990918881418,0.034057296273
18,0,upper,83,fine,0.035012000000,4.263,151.578100000000,7.990918881418,0.034065287191
18,0,upper,83,fine,0.035112000000,4.269,151.653300000000,8.004011513770,0.034169125152
18,0,upper,83,fine,0.035212000000,4.275,151.592500000000,8.013830988033,0.034259127474
18,0,upper,83,fine,0.035312000000,4.281,151.622200000000,8.023650462297,0.034349247629
18,0,upper,83,fine,0.035412000000,4.287,151.383600000000,8.033469936561,0.034439485618
18,0,upper,83,fine,0.035512000000,4.293,151.190600000000,8.043289410825,0.034529841441
18,0,upper,83,fine,0.035612000000,4.299,150.739200000000,8.053108885088,0.034620315097
18,0,upper,83,fine,0.035712000000,4.305,150.548600000000,8.062928359352,0.034710906587
18,0,upper,83,fine,0.035812000000,4.311,150.563600000000,8.076020991704,0.034815726495
18,0,upper,83,fine,0.035912000000,4.317,150.317600000000,8.085840465968,0.034906573292
18,0,upper,83,coarse,0.036000000000,4.323,150.020500000000,8.095659940231,0.034997537922
18,0,upper,83,fine,0.036012000000,4.323,149.940400000000,8.095659940231,0.034997537922
18,0,upper,83,fine,0.036112000000,4.329,149.812600000000,8.105479414495,0.035088620385
18,0,upper,83,fine,0.036212000000,4.335,149.251500000000,8.115298888759,0.035179820683
18,0,upper,83,coarse,0.037000000000,4.382,146.087800000000,8.197127840957,0.035919814199
18,0,upper,83,coarse,0.038000000000,4.441,139.499200000000,8.298595741683,0.036854063689
18,0,upper,83,coarse,0.039000000000,4.499,131.639800000000,8.396790484320,0.037777160389
18,0,upper,83,coarse,0.040000000000,4.556,121.455500000000,8.491712068870,0.038688240186
18,0,upper,83,coarse,0.041000000000,4.613,110.270500000000,8.589906811508,0.039625240121
18,0,upper,83,coarse,0.042000000000,4.669,98.226950000000,8.684828396057,0.040549463781
18,0,upper,83,coarse,0.043000000000,4.724,85.656490000000,8.776476822519,0.041460076510
18,0,upper,83,coarse,0.044000000000,4.779,72.544030000000,8.868125248981,0.042380770565
18,0,upper,83,coarse,0.045000000000,4.833,59.616630000000,8.959773675443,0.043302586173
18,0,upper,83,coarse,0.046000000000,4.886,47.166100000000,9.048148943817,0.044209255739
18,0,upper,83,coarse,0.047000000000,4.939,35.198510000000,9.136524212191,0.045125293084
18,0,upper,83,coarse,0.048000000000,4.991,24.441970000000,9.221626322477,0.046025136975
18,0,upper,83,coarse,0.049000000000,5.043,15.208310000000,9.306728432763,0.046933831486
18,0,upper,83,coarse,0.050000000000,5.094,8.105635000000,9.391830543049,0.047841984786
18,0,upper,83,coarse,0.051000000000,5.145,3.246122000000,9.476932653334,0.048758818501
18,0,upper,83,fine,0.051346000000,5.162,2.205061000000,9.503117918038,0.049055094693
18,0,upper,83,fine,0.051446000000,5.167,1.952499000000,9.512937392302,0.049153347506
18,0,upper,83,fine,0.051546000000,5.172,1.729195000000,9.519483708477,0.049234769740
18,0,upper,83,fine,0.051646000000,5.177,1.520185000000,9.529303182741,0.049333202577
18,0,upper,83,fine,0.051746000000,5.182,1.334815000000,9.535849498917,0.049414772103
18,0,upper,83,fine,0.051846000000,5.187,1.191375000000,9.545668973181,0.049513384964
18,0,upper,83,fine,0.051946000000,5.192,1.058116000000,9.552215289357,0.049595101782
18,0,upper,83,coarse,0.052000000000,5.195,0.996103600000,9.558761605533,0.049657766541
18,0,upper,83,fine,0.052046000000,5.197,0.954193000000,9.562034763620,0.049693894667
18,0,upper,83,fine,0.052146000000,5.202,0.876507000000,9.568581079796,0.049775758777
18,0,upper,83,fine,0.052246000000,5.207,0.822581000000,9.578400554060,0.049874731685
18,0,upper,83,fine,0.052346000000,5.212,0.796056800000,9.588220028324,0.049973802788
18,0,upper,83,fine,0.052446000000,5.217,0.788952900000,9.594766344500,0.050055896019
18,0,upper,83,fine,0.052546000000,5.222,0.815181500000,9.604585818763,0.050155147146
18,0,upper,83,fine,0.052646000000,5.227,0.857094100000,9.611132134939,0.050237387669
18,0,upper,83,fine,0.052746000000,5.232,0.930311800000,9.617678451115,0.050319693656
18,0,upper,83,fine,0.052846000000,5.237,1.029758000000,9.627497925379,0.050419206635
18,0,upper,83,fine,0.052946000000,5.242,1.147382000000,9.634044241555,0.050501659914
18,0,upper,83,coarse,0.053000000000,5.245,1.243981000000,9.640590557731,0.050564897475
18,0,upper,83,fine,0.053046000000,5.247,1.296902000000,9.643863715818,0.050601352917
18,0,upper,83,fine,0.053146000000,5.252,1.469292000000,9.650410031994,0.050683953488
18,0,upper,83,fine,0.053246000000,5.257,1.657989000000,9.660229506258,0.050783826514
18,0,upper,83,fine,0.053346000000,5.262,1.881493000000,9.666775822434,0.050866574378
18,0,upper,83,coarse,0.054000000000,5.294,3.858635000000,9.719146351841,0.051453160787
18,0,upper,83,coarse,0.055000000000,5.343,8.697350000000,9.800975304039,0.052366611049
18,0,upper,83,coarse,0.056000000000,5.391,15.393770000000,9.876257940061,0.053242906555
18,0,upper,83,coarse,0.057000000000,5.439,23.822210000000,9.954813734171,0.054144231900
18,0,upper,83,coarse,0.058000000000,5.487,33.773970000000,10.033369528281,0.055053098602
18,0,upper,83,coarse,0.059000000000,5.534,44.708150000000,10.108652164303,0.055941281077
18,0,upper,83,coarse,0.060000000000,5.580,56.505440000000,10.180661642238,0.056808091964
