mzi_id,arm_index,arm_name,port,scan_stage,target_power_w,voltage_v,optical_power_uW,current_mA,measured_power_w
22,1,lower,24,coarse,0.000000000000,0.000,99.791230000000,-0.063568380102,-0.000000000000
22,1,lower,24,coarse,0.001000000000,0.725,109.276400000000,1.348235082379,0.000977470435
22,1,lower,24,coarse,0.002000000000,1.025,119.869100000000,1.934130380117,0.001982483640
22,1,lower,24,coarse,0.003000000000,1.255,128.946700000000,2.382553038162,0.002990104063
22,1,lower,24,coarse,0.004000000000,1.449,136.329700000000,2.758966218273,0.003997742050
22,1,lower,24,coarse,0.005000000000,1.620,141.225900000000,3.086282027065,0.004999776884
22,1,lower,24,coarse,0.006000000000,1.775,144.000700000000,3.387412571154,0.006012657314
22,1,lower,24,coarse,0.007000000000,1.917,144.133000000000,3.655811534364,0.007008190711
22,1,lower,24,coarse,0.008000000000,2.050,142.187000000000,3.911117865221,0.008017791624
22,1,lower,24,coarse,0.009000000000,2.174,137.605200000000,4.146785247552,0.009015111128
22,1,lower,24,coarse,0.010000000000,2.292,131.194500000000,4.369359997530,0.010014573114
22,1,lower,24,coarse,0.011000000000,2.403,122.775900000000,4.578842115157,0.011002957603
22,1,lower,24,coarse,0.012000000000,2.510,112.797900000000,4.778504758521,0.011994046944
22,1,lower,24,coarse,0.013000000000,2.613,101.294800000000,4.971621085708,0.012990845897
22,1,lower,24,coarse,0.014000000000,2.711,89.183050000000,5.151644780544,0.013966109000
22,1,lower,24,coarse,0.015000000000,2.807,76.048010000000,5.328395317292,0.014956805656
22,1,lower,24,coarse,0.016000000000,2.899,62.914000000000,5.498599537864,0.015940440060
22,1,lower,24,coarse,0.017000000000,2.988,50.206450000000,5.662257442260,0.016918825237
22,1,lower,24,coarse,0.018000000000,3.074,38.231310000000,5.819369030480,0.017888740400
22,1,lower,24,coarse,0.019000000000,3.159,27.121150000000,5.976480618700,0.018879702274
22,1,lower,24,coarse,0.020000000000,3.241,27.094880000000,5.976480618700,0.019369773685
22,1,lower,24,coarse,0.021000000000,3.321,10.183480000000,6.267791688525,0.020815336198
22,1,lower,24,coarse,0.022000000000,3.399,4.637565000000,6.408537486306,0.021782618916
22,1,lower,24,coarse,0.023000000000,3.475,1.314512000000,6.546010125999,0.022747385188
22,1,lower,24,coarse,0.024000000000,3.550,0.231922400000,6.680209607603,0.023714744107
22,1,lower,24,coarse,0.025000000000,3.623,1.455344000000,6.811135931120,0.024676745478
22,1,lower,24,coarse,0.026000000000,3.695,4.930899000000,6.938789096549,0.025638825712
22,1,lower,24,coarse,0.027000000000,3.765,10.502150000000,7.059895945802,0.026580508236
22,1,lower,24,coarse,0.028000000000,3.834,18.080660000000,7.184275953143,0.027544514004
22,1,lower,24,coarse,0.029000000000,3.902,27.363210000000,7.302109644308,0.028492831832
22,1,lower,24,coarse,0.030000000000,3.969,38.142730000000,7.419943335474,0.029449755098
22,1,lower,24,coarse,0.031000000000,4.035,49.990850000000,7.537777026639,0.030414930302
22,1,lower,24,fine,0.031833000000,4.089,60.275420000000,7.629425453101,0.031196720678
22,1,lower,24,fine,0.031933000000,4.095,61.401490000000,7.639244927364,0.031282707978
22,1,lower,24,coarse,0.032000000000,4.099,62.308730000000,7.645791243540,0.031340098307
22,1,lower,24,fine,0.032033000000,4.101,62.573430000000,7.652337559716,0.031382236332
22,1,lower,24,fine,0.032133000000,4.108,63.948210000000,7.662157033980,0.031476141096
22,1,lower,24,fine,0.032233000000,4.114,65.201320000000,7.671976508244,0.031562511355
22,1,lower,24,fine,0.032333000000,4.121,66.598990000000,7.685069140595,0.031670169928
22,1,lower,24,fine,0.032433000000,4.127,67.723970000000,7.698161772947,0.031770313637
22,1,lower,24,fine,0.032533000000,4.133,68.957210000000,7.707981247211,0.031857086495
22,1,lower,24,fine,0.032633000000,4.140,70.279980000000,7.717800721475,0.031951694987
22,1,lower,24,fine,0.032733000000,4.146,71.348750000000,7.730893353826,0.032052283845
22,1,lower,24,fine,0.032833000000,4.152,72.660270000000,7.737439670002,0.032125849510
22,1,lower,24,fine,0.032933000000,4.159,74.081330000000,7.750532302354,0.032234463845
22,1,lower,24,coarse,0.033000000000,4.163,75.093950000000,7.757078618530,0.032292718289
22,1,lower,24,fine,0.033033000000,4.165,75.308260000000,7.760351776618,0.032321865150
22,1,lower,24,fine,0.033133000000,4.171,76.507440000000,7.773444408969,0.032423036630
22,1,lower,24,fine,0.033233000000,4.177,77.673850000000,7.783263883233,0.032510693240
22,1,lower,24,fine,0.033333000000,4.184,79.166100000000,7.796356515585,0.032619955661
22,1,lower,24,fine,0.033433000000,4.190,80.340240000000,7.806175989848,0.032707877397
22,1,lower,24,fine,0.033533000000,4.196,81.619310000000,7.815995464112,0.032795916967
22,1,lower,24,fine,0.033633000000,4.203,82.855270000000,7.825814938376,0.032891900186
22,1,lower,24,fine,0.033733000000,4.209,84.020380000000,7.838907570728,0.032993961965
22,1,lower,24,fine,0.033833000000,4.215,85.401210000000,7.848727044991,0.033082384495
22,1,lower,24,coarse,0.034000000000,4.225,87.538500000000,7.865092835431,0.033230017230
22,1,lower,24,coarse,0.035000000000,4.287,99.376620000000,7.973107052332,0.034180709933
22,1,lower,24,coarse,0.036000000000,4.348,110.235800000000,8.077848111146,0.035122483587
22,1,lower,24,coarse,0.037000000000,4.408,119.755600000000,8.179316011872,0.036054424980
22,1,lower,24,coarse,0.038000000000,4.467,127.708100000000,8.280783912597,0.036990261738
22,1,lower,24,coarse,0.039000000000,4.525,133.646300000000,8.378978655235,0.037914878415
22,1,lower,24,coarse,0.040000000000,4.583,138.021900000000,8.477173397872,0.038850885682
22,1,lower,24,fine,0.040583000000,4.616,139.609500000000,8.532817085367,0.039387483666
22,1,lower,24,fine,0.040683000000,4.622,139.969900000000,8.542636559631,0.039484066179
22,1,lower,24,fine,0.040783000000,4.628,140.320600000000,8.552456033895,0.039580766525
22,1,lower,24,fine,0.040883000000,4.633,140.366400000000,8.562275508158,0.039669022429
22,1,lower,24,fine,0.040983000000,4.639,140.481700000000,8.572094982422,0.039765948623
22,1,lower,24,coarse,0.041000000000,4.640,140.611100000000,8.575368140510,0.039789708172
22,1,lower,24,fine,0.041083000000,4.645,140.534500000000,8.581914456686,0.039862992651
22,1,lower,24,fine,0.041183000000,4.650,140.267600000000,8.591733930950,0.039951562779
22,1,lower,24,fine,0.041283000000,4.656,140.848100000000,8.601553405213,0.040048832655
22,1,lower,24,fine,0.041383000000,4.662,140.783300000000,8.611372879477,0.040146220364
22,1,lower,24,fine,0.041483000000,4.667,140.686500000000,8.621192353741,0.040235104715
22,1,lower,24,fine,0.041583000000,4.673,140.808200000000,8.631011828005,0.040332718272
22,1,lower,24,fine,0.041683000000,4.679,140.666200000000,8.640831302269,0.040430449663
22,1,lower,24,fine,0.041783000000,4.684,140.679400000000,8.647377618444,0.040504316765
22,1,lower,24,fine,0.041883000000,4.690,140.559400000000,8.657197092708,0.040602254365
22,1,lower,24,fine,0.041983000000,4.695,140.714900000000,8.657197092708,0.040645540350
22,1,lower,24,coarse,0.042000000000,4.696,140.635700000000,8.667016566972,0.040700309799
22,1,lower,24,fine,0.042083000000,4.701,140.716100000000,8.676836041236,0.040789806230
22,1,lower,24,fine,0.042183000000,4.706,140.418500000000,8.686655515499,0.040879400856
22,1,lower,24,fine,0.042283000000,4.712,140.405700000000,8.696474989763,0.040977790152
22,1,lower,24,fine,0.042383000000,4.718,140.155600000000,8.706294464027,0.041076297281
22,1,lower,24,fine,0.042483000000,4.723,140.014700000000,8.712840780203,0.041150747005
22,1,lower,24,fine,0.042583000000,4.729,139.865600000000,8.722660254467,0.041249460343
22,1,lower,24,coarse,0.043000000000,4.752,138.729700000000,8.761938151522,0.041636730096
22,1,lower,24,coarse,0.044000000000,4.807,134.355900000000,8.856859736071,0.042574924751
22,1,lower,24,coarse,0.045000000000,4.861,128.535300000000,8.945235004445,0.043482787357
22,1,lower,24,coarse,0.046000000000,4.915,120.386900000000,9.033610272819,0.044400194491
22,1,lower,24,coarse,0.047000000000,4.968,110.915200000000,9.121985541193,0.045318024169
22,1,lower,24,coarse,0.048000000000,5.021,100.042200000000,9.210360809567,0.046245221625
22,1,lower,24,coarse,0.049000000000,5.073,88.288890000000,9.295462919853,0.047155883392
22,1,lower,24,coarse,0.050000000000,5.124,76.214680000000,9.380565030139,0.048066015214
22,1,lower,24,coarse,0.051000000000,5.175,63.996210000000,9.462393982337,0.048967888859
22,1,lower,24,coarse,0.052000000000,5.226,51.646970000000,9.547496092623,0.049895214580
22,1,lower,24,coarse,0.053000000000,5.276,40.373350000000,9.629325044821,0.050804318936
22,1,lower,24,coarse,0.054000000000,5.325,29.977820000000,9.707880838931,0.051694465467
22,1,lower,24,coarse,0.055000000000,5.374,20.713750000000,9.789709791129,0.052609900418
22,1,lower,24,coarse,0.056000000000,5.423,12.861910000000,9.868265585239,0.053515604269
22,1,lower,24,coarse,0.057000000000,5.471,6.838020000000,9.943548221261,0.054401152319
22,1,lower,24,coarse,0.058000000000,5.519,2.635817000000,10.022104015372,0.055311992061
22,1,lower,24,fine,0.058083000000,5.523,2.391855000000,10.028650331547,0.055388235781
22,1,lower,24,fine,0.058183000000,5.527,2.140240000000,10.035196647723,0.055464531872
22,1,lower,24,fine,0.058283000000,5.532,1.865601000000,10.041742963899,0.055550922076
22,1,lower,24,fine,0.058383000000,5.537,1.595347000000,10.051562438163,0.055655501220
22,1,lower,24,fine,0.058483000000,5.542,1.348365000000,10.061381912427,0.055760178559
22,1,lower,24,fine,0.058583000000,5.546,1.171532000000,10.067928228602,0.055836729956
22,1,lower,24,fine,0.058683000000,5.551,0.977004900000,10.074474544778,0.055923408198
22,1,lower,24,fine,0.058783000000,5.556,0.794172400000,10.081020860954,0.056010151903
22,1,lower,24,fine,0.058883000000,5.561,0.635853800000,10.090840335218,0.056115163104
22,1,lower,24,fine,0.058983000000,5.565,0.536365200000,10.097386651394,0.056191956715
22,1,lower,24,coarse,0.059000000000,5.566,0.499270000000,10.097386651394,0.056202054102
22,1,lower,24,fine,0.059083000000,5.570,0.419112000000,10.103932967570,0.056278906629
22,1,lower,24,fine,0.059183000000,5.575,0.326602000000,10.113752441833,0.056384169863
22,1,lower,24,fine,0.059283000000,5.579,0.271920700000,10.120298758009,0.056461146771
22,1,lower,24,fine,0.059383000000,5.584,0.227022300000,10.126845074185,0.056548302894
22,1,lower,24,fine,0.059483000000,5.589,0.202311000000,10.133391390361,0.056635524481
22,1,lower,24,fine,0.059583000000,5.594,0.202477500000,10.143210864625,0.056741121577
22,1,lower,24,fine,0.059683000000,5.598,0.220822900000,10.149757180801,0.056818340698
22,1,lower,24,fine,0.059783000000,5.603,0.261544600000,10.156303496976,0.056905768494
22,1,lower,24,fine,0.059883000000,5.608,0.329960700000,10.166122971240,0.057011617623
22,1,lower,24,fine,0.059983000000,5.612,0.402665600000,10.172669287416,0.057089020041
22,1,lower,24,coarse,0.060000000000,5.613,0.432421200000,10.172669287416,0.057099192710
