mzi_id,arm_index,arm_name,port,scan_stage,target_power_w,voltage_v,optical_power_uW,current_mA,measured_power_w
24,1,lower,30,coarse,0.000000000000,0.000,130.019100000000,-0.030257800983,-0.000000000000
24,1,lower,30,coarse,0.001000000000,0.715,132.966700000000,1.396518278315,0.000998510569
24,1,lower,30,coarse,0.002000000000,1.010,133.729400000000,1.982413576053,0.002002237712
24,1,lower,30,coarse,0.003000000000,1.238,131.995100000000,2.434109392186,0.003013427428
24,1,lower,30,coarse,0.004000000000,1.429,127.773500000000,2.810522572297,0.004016236756
24,1,lower,30,coarse,0.005000000000,1.598,121.378900000000,3.141111539177,0.005019496240
24,1,lower,30,coarse,0.006000000000,1.750,112.984300000000,3.438968925178,0.006018195619
24,1,lower,30,coarse,0.007000000000,1.890,102.623700000000,3.710641046475,0.007013111578
24,1,lower,30,coarse,0.008000000000,2.021,91.064070000000,3.965947377333,0.008015179650
24,1,lower,30,coarse,0.009000000000,2.144,78.786940000000,4.204887917752,0.009015279696
24,1,lower,30,coarse,0.010000000000,2.259,66.450870000000,4.424189509642,0.009994244102
24,1,lower,30,coarse,0.011000000000,2.370,53.715740000000,4.636944785357,0.010989559141
24,1,lower,30,coarse,0.012000000000,2.475,41.913560000000,4.836607428721,0.011970603386
24,1,lower,30,coarse,0.013000000000,2.576,30.886100000000,5.026450597820,0.012948136740
24,1,lower,30,coarse,0.014000000000,2.673,21.261950000000,5.209747450744,0.013925654936
24,1,lower,30,coarse,0.015000000000,2.767,13.125520000000,5.386497987491,0.014904439931
24,1,lower,30,coarse,0.016000000000,2.858,6.760640000000,5.556702208063,0.015881054911
24,1,lower,30,coarse,0.017000000000,2.946,2.471328000000,5.720360112460,0.016852180891
24,1,lower,30,coarse,0.018000000000,3.031,0.324776500000,5.877471700680,0.017814616725
24,1,lower,30,coarse,0.019000000000,3.114,0.395930700000,6.031310130812,0.018781499747
24,1,lower,30,coarse,0.020000000000,3.195,2.722722000000,6.181875402857,0.019751091912
24,1,lower,30,coarse,0.021000000000,3.274,7.234137000000,6.329167516813,0.020721694450
24,1,lower,30,coarse,0.022000000000,3.351,13.735400000000,6.466640156506,0.021669711164
24,1,lower,30,coarse,0.023000000000,3.427,22.067370000000,6.607385954286,0.022643511665
24,1,lower,30,coarse,0.024000000000,3.500,31.740410000000,6.738312277803,0.023584092972
24,1,lower,30,coarse,0.025000000000,3.573,42.836450000000,6.869238601320,0.024543789523
24,1,lower,30,coarse,0.026000000000,3.643,54.284270000000,6.996891766749,0.025489676706
24,1,lower,30,fine,0.026202000000,3.657,56.560420000000,7.023077031452,0.025683392704
24,1,lower,30,fine,0.026302000000,3.664,57.784060000000,7.036169663804,0.025780525648
24,1,lower,30,fine,0.026402000000,3.671,58.997540000000,7.049262296156,0.025877841889
24,1,lower,30,fine,0.026502000000,3.678,60.153890000000,7.062354928507,0.025975341427
24,1,lower,30,fine,0.026602000000,3.685,61.308370000000,7.072174402771,0.026060962674
24,1,lower,30,fine,0.026702000000,3.692,62.631710000000,7.085267035123,0.026158805894
24,1,lower,30,fine,0.026802000000,3.699,63.721400000000,7.098359667475,0.026256832410
24,1,lower,30,fine,0.026902000000,3.706,65.097200000000,7.111452299826,0.026355042223
24,1,lower,30,coarse,0.027000000000,3.713,66.393960000000,7.124544932178,0.026453435333
24,1,lower,30,fine,0.027002000000,3.713,64.873380000000,7.111452299826,0.026404822389
24,1,lower,30,fine,0.027102000000,3.720,67.391030000000,7.137637564530,0.026552011740
24,1,lower,30,fine,0.027202000000,3.727,68.611050000000,7.150730196881,0.026650771444
24,1,lower,30,fine,0.027302000000,3.733,69.593830000000,7.160549671145,0.026730331922
24,1,lower,30,fine,0.027402000000,3.740,70.956230000000,7.170369145409,0.026817180604
24,1,lower,30,fine,0.027502000000,3.747,72.112350000000,7.183461777761,0.026916431281
24,1,lower,30,fine,0.027602000000,3.754,73.307480000000,7.196554410112,0.027015865256
24,1,lower,30,fine,0.027702000000,3.761,74.557350000000,7.209647042464,0.027115482527
24,1,lower,30,fine,0.027802000000,3.767,75.705580000000,7.222739674816,0.027208060355
24,1,lower,30,fine,0.027902000000,3.774,76.880800000000,7.232559149079,0.027295678229
24,1,lower,30,coarse,0.028000000000,3.781,78.190110000000,7.245651781431,0.027395809386
24,1,lower,30,fine,0.028002000000,3.781,77.967210000000,7.245651781431,0.027395809386
24,1,lower,30,fine,0.028102000000,3.788,79.318440000000,7.258744413783,0.027496123839
24,1,lower,30,fine,0.028202000000,3.794,80.279610000000,7.268563888047,0.027576931391
24,1,lower,30,coarse,0.029000000000,3.848,89.545170000000,7.363485472596,0.028334692099
24,1,lower,30,coarse,0.030000000000,3.914,100.454100000000,7.481319163761,0.029281883207
24,1,lower,30,coarse,0.031000000000,3.978,109.816200000000,7.595879696839,0.030216409434
24,1,lower,30,coarse,0.032000000000,4.042,118.011900000000,7.707167071828,0.031152369304
24,1,lower,30,coarse,0.033000000000,4.105,124.454300000000,7.818454446817,0.032094755504
24,1,lower,30,coarse,0.034000000000,4.166,128.976200000000,7.926468663719,0.033021668453
24,1,lower,30,fine,0.034856000000,4.218,131.070600000000,8.018117090181,0.033820417886
24,1,lower,30,fine,0.034956000000,4.224,130.952400000000,8.027936564444,0.033910004048
24,1,lower,30,coarse,0.035000000000,4.227,131.287800000000,8.031209722532,0.033947923497
24,1,lower,30,fine,0.035056000000,4.230,131.138000000000,8.037756038708,0.033999708044
24,1,lower,30,fine,0.035156000000,4.236,131.190800000000,8.050848671060,0.034103394971
24,1,lower,30,fine,0.035256000000,4.243,131.560600000000,8.047575512972,0.034145862902
24,1,lower,30,fine,0.035356000000,4.249,131.421600000000,8.070487619587,0.034291501896
24,1,lower,30,fine,0.035456000000,4.255,131.626200000000,8.080307093851,0.034381706684
24,1,lower,30,fine,0.035556000000,4.261,131.491100000000,8.093399726203,0.034485976233
24,1,lower,30,fine,0.035656000000,4.267,131.505100000000,8.103219200467,0.034576436328
24,1,lower,30,fine,0.035756000000,4.272,131.676900000000,8.113038674730,0.034658901218
24,1,lower,30,fine,0.035856000000,4.278,131.560700000000,8.122858148994,0.034749587161
24,1,lower,30,fine,0.035956000000,4.284,131.530900000000,8.132677623258,0.034840390938
24,1,lower,30,coarse,0.036000000000,4.287,131.664600000000,8.135950781346,0.034878821000
24,1,lower,30,fine,0.036056000000,4.290,131.378500000000,8.142497097522,0.034931312548
24,1,lower,30,fine,0.036156000000,4.296,131.236800000000,8.152316571785,0.035022351992
24,1,lower,30,fine,0.036256000000,4.302,131.249500000000,8.165409204137,0.035127590396
24,1,lower,30,fine,0.036356000000,4.308,130.879400000000,8.175228678401,0.035218885147
24,1,lower,30,fine,0.036456000000,4.314,130.841200000000,8.185048152665,0.035310297731
24,1,lower,30,fine,0.036556000000,4.320,130.780700000000,8.194867626928,0.035401828148
24,1,lower,30,fine,0.036656000000,4.326,130.640300000000,8.204687101192,0.035493476400
24,1,lower,30,fine,0.036756000000,4.332,130.178100000000,8.214506575456,0.035585242485
24,1,lower,30,fine,0.036856000000,4.338,129.902900000000,8.227599207808,0.035691325363
24,1,lower,30,coarse,0.037000000000,4.346,129.532400000000,8.240691840159,0.035814046737
24,1,lower,30,coarse,0.038000000000,4.405,125.540300000000,8.342159740885,0.036747213659
24,1,lower,30,coarse,0.039000000000,4.462,119.894500000000,8.440354483523,0.037660861705
24,1,lower,30,coarse,0.040000000000,4.519,112.234900000000,8.538549226160,0.038585703953
24,1,lower,30,coarse,0.041000000000,4.575,103.583400000000,8.633470810710,0.039498128959
24,1,lower,30,coarse,0.042000000000,4.631,93.160360000000,8.728392395260,0.040421185182
24,1,lower,30,coarse,0.043000000000,4.685,82.648160000000,8.820040821722,0.041321891250
24,1,lower,30,coarse,0.044000000000,4.740,71.030960000000,8.914962406271,0.042256921806
24,1,lower,30,coarse,0.045000000000,4.793,59.715310000000,9.003337674645,0.043152997475
24,1,lower,30,coarse,0.046000000000,4.846,48.275290000000,9.094986101107,0.044074302646
24,1,lower,30,coarse,0.047000000000,4.898,37.499000000000,9.183361369481,0.044980103988
24,1,lower,30,coarse,0.048000000000,4.950,27.418390000000,9.268463479767,0.045878894225
24,1,lower,30,coarse,0.049000000000,5.002,18.493480000000,9.356838748141,0.046802907418
24,1,lower,30,coarse,0.050000000000,5.052,11.255960000000,9.438667700339,0.047684149222
24,1,lower,30,coarse,0.051000000000,5.103,5.572811000000,9.523769810625,0.048599797344
24,1,lower,30,coarse,0.052000000000,5.152,1.931415000000,9.605598762823,0.049488044826
24,1,lower,30,fine,0.052164000000,5.161,1.493626000000,9.621964553262,0.049658959059
24,1,lower,30,fine,0.052264000000,5.165,1.312562000000,9.628510869438,0.049731258641
24,1,lower,30,fine,0.052364000000,5.170,1.094090000000,9.635057185614,0.049813245650
24,1,lower,30,fine,0.052464000000,5.175,0.912255500000,9.644876659878,0.049912236715
24,1,lower,30,fine,0.052564000000,5.180,0.736298600000,9.651422976054,0.049994371016
24,1,lower,30,fine,0.052664000000,5.185,0.581067900000,9.661242450317,0.050093542105
24,1,lower,30,fine,0.052764000000,5.190,0.457972700000,9.667788766493,0.050175823698
24,1,lower,30,fine,0.052864000000,5.195,0.348523100000,9.677608240757,0.050275174811
24,1,lower,30,fine,0.052964000000,5.200,0.257512800000,9.687427715021,0.050374624118
24,1,lower,30,coarse,0.053000000000,5.202,0.227666200000,9.687427715021,0.050393998974
24,1,lower,30,fine,0.053064000000,5.205,0.194121000000,9.693974031197,0.050457134832
24,1,lower,30,fine,0.053164000000,5.210,0.148358500000,9.700520347373,0.050539711010
24,1,lower,30,fine,0.053264000000,5.215,0.123443300000,9.710339821636,0.050639422170
24,1,lower,30,fine,0.053364000000,5.220,0.120557100000,9.716886137812,0.050722145639
24,1,lower,30,fine,0.053464000000,5.224,0.132480700000,9.723432453988,0.050795211140
24,1,lower,30,fine,0.053564000000,5.229,0.168116400000,9.733251928252,0.050895174333
24,1,lower,30,fine,0.053664000000,5.234,0.224643700000,9.743071402516,0.050995235721
24,1,lower,30,fine,0.053764000000,5.239,0.297960100000,9.749617718691,0.051078247228
24,1,lower,30,fine,0.053864000000,5.244,0.396016400000,9.759437192955,0.051178488640
24,1,lower,30,fine,0.053964000000,5.249,0.518272400000,9.765983509131,0.051261647439
24,1,lower,30,coarse,0.054000000000,5.251,0.584326600000,9.769256667219,0.051298366760
24,1,lower,30,fine,0.054064000000,5.254,0.652412300000,9.772529825307,0.051344871702
24,1,lower,30,fine,0.054164000000,5.259,0.822103600000,9.782349299571,0.051445374966
24,1,lower,30,coarse,0.055000000000,5.299,2.906553000000,9.847812461329,0.052183558233
24,1,lower,30,coarse,0.056000000000,5.347,7.100222000000,9.926368255439,0.053076291062
24,1,lower,30,coarse,0.057000000000,5.394,12.950960000000,10.004924049549,0.053966560323
24,1,lower,30,coarse,0.058000000000,5.442,20.621550000000,10.083479843659,0.054874297309
24,1,lower,30,coarse,0.059000000000,5.488,29.242720000000,10.155489321594,0.055733325397
24,1,lower,30,coarse,0.060000000000,5.535,39.282760000000,10.234045115704,0.056645439715
