mzi_id,arm_index,arm_name,port,scan_stage,target_power_w,voltage_v,optical_power_uW,current_mA,measured_power_w
26,0,upper,99,coarse,0.000000000000,0.000,159.356600000000,-0.026686022581,-0.000000000000
26,0,upper,99,coarse,0.001000000000,0.718,157.973700000000,1.391255182689,0.000998921221
26,0,upper,99,coarse,0.002000000000,1.015,154.177900000000,1.973877322339,0.002003485482
26,0,upper,99,coarse,0.003000000000,1.243,147.280900000000,2.422299980384,0.003010918876
26,0,upper,99,coarse,0.004000000000,1.436,138.620200000000,2.798713160495,0.004018952098
26,0,upper,99,coarse,0.005000000000,1.605,127.807600000000,3.126028969287,0.005017276496
26,0,upper,99,coarse,0.006000000000,1.758,115.358400000000,3.423886355288,0.006019192213
26,0,upper,99,coarse,0.007000000000,1.899,101.797700000000,3.695558476586,0.007017865547
26,0,upper,99,coarse,0.008000000000,2.030,87.585880000000,3.944318491268,0.008006966537
26,0,upper,99,coarse,0.009000000000,2.154,72.872390000000,4.183259031686,0.009010739954
26,0,upper,99,coarse,0.010000000000,2.270,58.483800000000,4.402560623577,0.009993812616
26,0,upper,99,coarse,0.011000000000,2.381,44.504430000000,4.612042741204,0.010981273767
26,0,upper,99,coarse,0.012000000000,2.487,31.671750000000,4.811705384567,0.011966711291
26,0,upper,99,coarse,0.013000000000,2.588,20.606350000000,5.001548553666,0.012944007657
26,0,upper,99,coarse,0.014000000000,2.686,11.545280000000,5.184845406590,0.013926494762
26,0,upper,99,coarse,0.015000000000,2.780,5.000526000000,5.358322785250,0.014896137343
26,0,upper,99,coarse,0.016000000000,2.872,1.128545000000,5.528527005822,0.015877929561
26,0,upper,99,coarse,0.017000000000,2.960,0.121811100000,5.692184910218,0.016848867334
26,0,upper,99,coarse,0.018000000000,3.046,1.927268000000,5.849296498438,0.017816957134
26,0,upper,99,coarse,0.019000000000,3.129,6.400940000000,6.003134928571,0.018783809191
26,0,upper,99,coarse,0.020000000000,3.210,13.329810000000,6.150427042527,0.019742870807
26,0,upper,99,coarse,0.021000000000,3.290,22.614440000000,6.294445998396,0.020708727335
26,0,upper,99,coarse,0.022000000000,3.367,33.662760000000,6.435191796176,0.021667290778
26,0,upper,99,coarse,0.023000000000,3.443,46.317250000000,6.572664435869,0.022629683653
26,0,upper,99,coarse,0.024000000000,3.517,59.928660000000,6.703590759386,0.023576528701
26,0,upper,99,fine,0.024570000000,3.558,68.054880000000,6.778873395408,0.024119231541
26,0,upper,99,fine,0.024670000000,3.566,69.602200000000,6.795239185848,0.024231822937
26,0,upper,99,fine,0.024770000000,3.573,71.055810000000,6.805058660111,0.024314474593
26,0,upper,99,fine,0.024870000000,3.580,72.431120000000,6.818151292463,0.024408981627
26,0,upper,99,fine,0.024970000000,3.587,73.924380000000,6.831243924815,0.024503671958
26,0,upper,99,coarse,0.025000000000,3.589,74.323220000000,6.834517082903,0.024529081811
26,0,upper,99,fine,0.025070000000,3.594,75.267700000000,6.844336557166,0.024598545586
26,0,upper,99,fine,0.025170000000,3.602,76.664600000000,6.857429189518,0.024700459941
26,0,upper,99,fine,0.025270000000,3.609,78.365010000000,6.870521821870,0.024795713255
26,0,upper,99,fine,0.025370000000,3.616,79.781620000000,6.883614454222,0.024891149866
26,0,upper,99,fine,0.025470000000,3.623,81.354080000000,6.896707086573,0.024986769775
26,0,upper,99,fine,0.025570000000,3.630,82.680760000000,6.909799718925,0.025082572980
26,0,upper,99,fine,0.025670000000,3.637,84.099540000000,6.919619193189,0.025166655006
26,0,upper,99,fine,0.025770000000,3.644,85.536890000000,6.932711825540,0.025262801892
26,0,upper,99,fine,0.025870000000,3.651,86.901810000000,6.945804457892,0.025359132076
26,0,upper,99,fine,0.025970000000,3.658,88.332550000000,6.958897090244,0.025455645556
26,0,upper,99,coarse,0.026000000000,3.660,88.974860000000,6.962170248332,0.025481543109
26,0,upper,99,fine,0.026070000000,3.665,89.819160000000,6.971989722595,0.025552342333
26,0,upper,99,fine,0.026170000000,3.672,91.186440000000,6.981809196859,0.025637203371
26,0,upper,99,fine,0.026270000000,3.679,92.802370000000,6.994901829211,0.025734243830
26,0,upper,99,fine,0.026370000000,3.686,94.127610000000,7.007994461563,0.025831467585
26,0,upper,99,fine,0.026470000000,3.693,95.698230000000,7.021087093914,0.025928874638
26,0,upper,99,fine,0.026570000000,3.700,97.307600000000,7.030906568178,0.026014354302
26,0,upper,99,coarse,0.027000000000,3.730,103.280600000000,7.086550255673,0.026432832454
26,0,upper,99,coarse,0.028000000000,3.799,117.001000000000,7.207657104926,0.027381889342
26,0,upper,99,coarse,0.029000000000,3.866,129.512900000000,7.325490796091,0.028320347418
26,0,upper,99,coarse,0.030000000000,3.932,140.016600000000,7.443324487256,0.029267151884
26,0,upper,99,coarse,0.031000000000,3.997,148.965400000000,7.557885020333,0.030208866426
26,0,upper,99,coarse,0.032000000000,4.061,155.492500000000,7.669172395323,0.031144509097
26,0,upper,99,coarse,0.033000000000,4.124,159.251100000000,7.777186612224,0.032073117589
26,0,upper,99,fine,0.033202000000,4.136,159.774200000000,7.796825560752,0.032247670519
26,0,upper,99,fine,0.033302000000,4.143,159.958000000000,7.809918193103,0.032356491074
26,0,upper,99,fine,0.033402000000,4.149,160.216900000000,7.819737667367,0.032444091582
26,0,upper,99,fine,0.033502000000,4.155,160.336700000000,7.829557141631,0.032531809923
26,0,upper,99,fine,0.033602000000,4.161,160.590600000000,7.842649773983,0.032633265710
26,0,upper,99,fine,0.033702000000,4.168,160.765200000000,7.852469248246,0.032729091827
26,0,upper,99,fine,0.033802000000,4.174,160.691800000000,7.865561880598,0.032830855290
26,0,upper,99,fine,0.033902000000,4.180,160.611600000000,7.875381354862,0.032919094063
26,0,upper,99,coarse,0.034000000000,4.186,160.992700000000,7.885200829126,0.033007450671
26,0,upper,99,fine,0.034002000000,4.186,160.661000000000,7.885200829126,0.033007450671
26,0,upper,99,fine,0.034102000000,4.192,160.622000000000,7.895020303389,0.033095925112
26,0,upper,99,fine,0.034202000000,4.198,160.707300000000,7.904839777653,0.033184517387
26,0,upper,99,fine,0.034302000000,4.204,160.829700000000,7.917932410005,0.033286987852
26,0,upper,99,fine,0.034402000000,4.211,160.750300000000,7.927751884269,0.033383763185
26,0,upper,99,fine,0.034502000000,4.217,160.278600000000,7.940844516620,0.033486541327
26,0,upper,99,fine,0.034602000000,4.223,160.374400000000,7.950663990884,0.033575654034
26,0,upper,99,fine,0.034702000000,4.229,160.239100000000,7.960483465148,0.033664884574
26,0,upper,99,fine,0.034802000000,4.235,160.006900000000,7.970302939412,0.033754232948
26,0,upper,99,fine,0.034902000000,4.241,159.970800000000,7.980122413675,0.033843699156
26,0,upper,99,coarse,0.035000000000,4.247,159.721600000000,7.989941887939,0.033933283198
26,0,upper,99,fine,0.035002000000,4.247,159.730100000000,7.989941887939,0.033933283198
26,0,upper,99,fine,0.035102000000,4.253,159.495600000000,7.999761362203,0.034022985073
26,0,upper,99,fine,0.035202000000,4.259,158.844700000000,8.012853994555,0.034126745163
26,0,upper,99,coarse,0.036000000000,4.307,155.943600000000,8.094682946753,0.034863799452
26,0,upper,99,coarse,0.037000000000,4.367,149.669500000000,8.196150847478,0.035792590751
26,0,upper,99,coarse,0.038000000000,4.425,141.239000000000,8.294345590116,0.036702479236
26,0,upper,99,coarse,0.039000000000,4.483,141.207800000000,8.297618748204,0.037198224848
26,0,upper,99,coarse,0.040000000000,4.540,118.437200000000,8.494008233479,0.038562797380
26,0,upper,99,coarse,0.041000000000,4.597,105.051600000000,8.588929818029,0.039483310373
26,0,upper,99,coarse,0.042000000000,4.652,91.027180000000,8.680578244491,0.040382049993
26,0,upper,99,coarse,0.043000000000,4.707,76.558050000000,8.775499829040,0.041306277695
26,0,upper,99,coarse,0.044000000000,4.762,61.850200000000,8.867148255502,0.042225359993
26,0,upper,99,coarse,0.045000000000,4.816,48.115770000000,8.955523523876,0.043129801291
26,0,upper,99,coarse,0.046000000000,4.869,35.468260000000,9.047171950338,0.044050680226
26,0,upper,99,coarse,0.047000000000,4.922,24.181460000000,9.135547218712,0.044965163410
26,0,upper,99,coarse,0.048000000000,4.974,14.861980000000,9.220649328998,0.045863509762
26,0,upper,99,coarse,0.049000000000,5.025,7.706212000000,9.305751439284,0.046761400982
26,0,upper,99,coarse,0.050000000000,5.076,2.820329000000,9.387580391482,0.047651358067
26,0,upper,99,fine,0.050465000000,5.100,1.339474000000,9.430131446625,0.048093670378
26,0,upper,99,fine,0.050565000000,5.105,1.114894000000,9.436677762801,0.048174239979
26,0,upper,99,fine,0.050665000000,5.110,0.894559200000,9.443224078976,0.048254875044
26,0,upper,99,fine,0.050765000000,5.115,0.706240900000,9.453043553240,0.048352317775
26,0,upper,99,fine,0.050865000000,5.120,0.551995600000,9.459589869416,0.048433100131
26,0,upper,99,fine,0.050965000000,5.125,0.409329000000,9.469409343680,0.048530722886
26,0,upper,99,coarse,0.051000000000,5.127,0.364509600000,9.472682501768,0.048566443187
26,0,upper,99,fine,0.051065000000,5.130,0.294746100000,9.479228817944,0.048628443836
26,0,upper,99,fine,0.051165000000,5.135,0.210851000000,9.485775134119,0.048709455314
26,0,upper,99,fine,0.051265000000,5.140,0.146269800000,9.495594608383,0.048807356287
26,0,upper,99,fine,0.051365000000,5.145,0.108697900000,9.502140924559,0.048888515057
26,0,upper,99,fine,0.051465000000,5.150,0.097075190000,9.511960398823,0.048986596054
26,0,upper,99,fine,0.051565000000,5.155,0.110374800000,9.518506714999,0.049067902116
26,0,upper,99,fine,0.051665000000,5.160,0.149736300000,9.528326189262,0.049166163137
26,0,upper,99,fine,0.051765000000,5.165,0.210907900000,9.534872505438,0.049247616491
26,0,upper,99,fine,0.051865000000,5.170,0.302397600000,9.544691979702,0.049346057535
26,0,upper,99,fine,0.051965000000,5.175,0.410511000000,9.551238295878,0.049427658181
26,0,upper,99,coarse,0.052000000000,5.177,0.472820300000,9.554511453966,0.049463705797
26,0,upper,99,fine,0.052065000000,5.180,0.554977800000,9.561057770142,0.049526279249
26,0,upper,99,fine,0.052165000000,5.185,0.723537000000,9.567604086317,0.049608027188
26,0,upper,99,fine,0.052265000000,5.190,0.905529900000,9.577423560581,0.049706828279
26,0,upper,99,fine,0.052365000000,5.195,1.128306000000,9.583969876757,0.049788723510
26,0,upper,99,fine,0.052465000000,5.200,1.374137000000,9.593789351021,0.049887704625
26,0,upper,99,coarse,0.053000000000,5.226,3.060701000000,9.636340406164,0.050359514963
26,0,upper,99,coarse,0.054000000000,5.275,8.089204000000,9.714896200274,0.051246077456
26,0,upper,99,coarse,0.055000000000,5.324,15.373490000000,9.793451994384,0.052140338418
26,0,upper,99,coarse,0.056000000000,5.372,24.650720000000,9.872007788494,0.053032425840
26,0,upper,99,coarse,0.057000000000,5.420,35.808210000000,9.950563582604,0.053932054618
26,0,upper,99,coarse,0.058000000000,5.467,48.220780000000,10.025846218627,0.054811301277
26,0,upper,99,coarse,0.059000000000,5.514,61.688090000000,10.101128854649,0.055697624505
26,0,upper,99,coarse,0.060000000000,5.561,75.957530000000,10.176411490671,0.056591024300
